0.6898496240601504
0.7623762376237624
0.44565217391304346
0.7355182926829268
0.7136752136752137
0.6941964285714286
0.20103092783505155
0.10606060606060606
0.7723880597014925
0.09166666666666666
0.0944055944055944
0.7458333333333333
0.5
0.16428571428571428
0.7891156462585034
0.6322463768115942
0.8333333333333334
0.7218543046357616
0.832089552238806
0.8074534161490683
0.8319672131147541
0.755
0.6180811808118081
0.3
0.8104838709677419
0.67578125
0.8534798534798534
0.4669421487603306
0.8865131578947368
0.6603448275862069
0.21739130434782608
0.7552631578947369
0.523972602739726
0.3021978021978022
0.75764192139738
0.24130434782608695
0.4852941176470588
0.2248062015503876
0.754054054054054
0.7629032258064516
0.31
0.10227272727272728
0.12021857923497267
0.8947368421052632
0.375
0.625
0.12149532710280374
0.13392857142857142
0.24725274725274726
0.2636363636363636
0.8697916666666666
0.9102564102564102
0.8212765957446808
0.708128078817734
0.036684782608695655
0.7448805460750854
0.6781115879828327
0.2219626168224299
0.8190184049079755
0.6678082191780822
0.4083333333333333
0.865686274509804
0.7797619047619048
0.667910447761194
0.41284403669724773
0.39880952380952384
0.8457446808510638
0.5094339622641509
0.45905172413793105
0.7934782608695652
0.1651376146788991
0.17329545454545456
0.39655172413793105
0.7668918918918919
0.5941780821917808
0.10294117647058823
0.8867924528301887
0.23295454545454544
0.8363636363636363
0.7819767441860465
0.75
0.6766877637130801
0.10526315789473684
0.7330677290836654
0.1568627450980392
0.8528481012658228
0.05381944444444445
0.23333333333333334
0.5166666666666667
0.7384615384615385
0.13194444444444445
0.9552845528455285
0.625
0.6533742331288344
0.7986725663716814
0.8097133757961783
0.781496062992126
0.7819148936170213
0.18214285714285713
0.2149122807017544
0.7742718446601942
0.9253731343283582
0.49
0.34217877094972066
0.6277777777777778
0.7492331288343558
0.7974576271186441
0.32589285714285715
0.11061946902654868
0.7465986394557823
0.08469387755102041
0.5961538461538461
0.21333333333333335
0.6747448979591837
0.5311203319502075
0.5142857142857142
0.12937062937062938
0.6491228070175439
0.5381016042780749
0.08333333333333333
0.3472222222222222
0.35144927536231885
0.7462962962962963
0.8568548387096774
0.014224137931034483
0.7592592592592593
0.24766355140186916
0.8784916201117319
0.0614406779661017
0.7895348837209303
0.08676470588235294
0.4324644549763033
0.6458333333333334
0.5684713375796179
0.8257575757575758
0.5862068965517241
0.8125
0.69921875
0.11347517730496454
0.8169014084507042
0.5016778523489933
0.12
0.4573170731707317
0.8225446428571429
0.7466887417218543
0.910377358490566
0.8237704918032787
0.3594632768361582
0.23091603053435114
0.8158783783783784
0.9193548387096774
0.20081967213114754
0.0739247311827957
0.8487903225806451
0.8353174603174603
0.7606382978723404
0.8027638190954773
0.6118827160493827
0.1111111111111111
0.27976190476190477
0.06798245614035088
0.24321266968325791
0.8583333333333333
0.5665584415584416
0.5531914893617021
0.1366906474820144
0.8214285714285714
0.7743362831858407
0.7271863117870723
0.8562176165803109
0.6305309734513275
0.3879310344827586
0.15833333333333333
0.83
0.08445945945945946
0.8595505617977528
0.8146067415730337
0.7830188679245284
0.9067164179104478
0.5071942446043165
0.1025
0.5328947368421053
0.45145631067961167
0.13703703703703704
0.8608870967741935
0.8219424460431655
0.789568345323741
0.18533123028391169
0.5588235294117647
0.8353174603174603
0.7115384615384616
0.7468152866242038
0.696236559139785
0.5994318181818182
0.8354166666666667
0.5177083333333333
0.8612385321100917
0.8544776119402985
0.8138686131386861
0.7486772486772487
0.15594059405940594
0.6278625954198473
0.6147058823529412
0.8526011560693642
0.6948529411764706
0.7882882882882883
0.12373737373737374
0.3
0.17819148936170212
0.17857142857142858
0.21982758620689655
0.7619047619047619
0.8058035714285714
0.6909547738693468
0.41773504273504275
0.24766355140186916
0.2916666666666667
0.6611842105263158
0.7980349344978166
0.4973544973544973
0.8104508196721312
0.11153846153846154
0.702054794520548
0.8200636942675159
0.9454887218045113
0.13095238095238096
0.38271604938271603
0.07941176470588235
0.2612359550561798
0.2647058823529412
0.49097938144329895
0.666077738515901
0.11392405063291139
0.11185983827493262
0.13786764705882354
0.17452830188679244
0.6492805755395683
0.04264705882352941
0.8161764705882353
0.8178571428571428
0.7085492227979274
0.06506849315068493
0.4826989619377163
0.4049586776859504
0.23507462686567165
0.10681818181818181
0.09274193548387097
0.07432432432432433
0.7
0.5362318840579711
0.562
0.7394179894179894
0.7982954545454546
0.946078431372549
0.18617021276595744
0.4452380952380952
0.08183856502242152
0.8547297297297297
0.06601123595505617
0.7862903225806451
0.6593264248704663
0.9064885496183206
0.8473684210526315
0.043154761904761904
0.06353591160220995
0.13495575221238937
0.20652173913043478
0.717391304347826
0.75
0.8774038461538461
0.25
0.6365248226950354
0.7235449735449735
0.8181818181818182
0.5347222222222222
0.8314732142857143
0.10775862068965517
0.8872282608695652
0.3736842105263158
0.3917910447761194
0.8165322580645161
0.11148648648648649
0.7226190476190476
0.11442786069651742
0.5173076923076924
0.7559523809523809
0.7851170568561873
0.8166666666666667
0.7471590909090909
0.38405797101449274
0.6466346153846154
0.35
0.6136363636363636
0.6686507936507936
0.11084905660377359
0.08714285714285715
0.6529850746268657
0.23511904761904762
0.5477099236641222
0.9004739336492891
0.057203389830508475
0.6379310344827587
0.35148514851485146
0.4870689655172414
0.6868279569892473
0.6160714285714286
0.6355421686746988
0.3942307692307692
0.9173913043478261
0.7914244186046512
0.06385869565217392
0.3935546875
0.40789473684210525
0.4056603773584906
0.4791666666666667
0.868421052631579
0.8420502092050209
0.12579617834394904
0.694560669456067
0.07641921397379912
0.6370967741935484
0.8425925925925926
0.9257425742574258
0.3577586206896552
0.8604651162790697
0.8526785714285714
0.7324561403508771
0.4685792349726776
0.8201754385964912
0.047872340425531915
0.7469325153374233
0.058
0.8387850467289719
0.5745967741935484
0.26373626373626374
0.9076576576576577
0.18506493506493507
0.6547029702970297
0.10582010582010581
0.5670731707317073
0.724112426035503
0.2345132743362832
0.8977272727272727
0.6127450980392157
0.06567796610169492
0.5636792452830188
0.6814159292035398
0.48284313725490197
0.6477272727272727
0.6920391061452514
0.2215909090909091
0.886
0.6759259259259259
0.6797385620915033
0.050335570469798654
0.8046875
0.5376344086021505
0.819047619047619
0.90625
0.40441176470588236
0.13636363636363635
0.6564171122994652
0.8093922651933702
0.5770348837209303
0.7423076923076923
0.18258426966292135
0.8590425531914894
0.10233160621761658
0.795
0.06974637681159421
0.7716450216450217
0.6578389830508474
0.5015923566878981
0.13010204081632654
0.8801115241635687
0.8723958333333334
0.7477134146341463
0.315625
0.2732974910394265
0.5286458333333334
0.7663934426229508
0.16058394160583941
0.7316176470588235
0.4644097222222222
0.0924170616113744
0.4
0.0273972602739726
0.6573275862068966
0.7259615384615384
0.09605263157894736
0.7214285714285714
0.6076388888888888
0.7857142857142857
0.6807851239669421
0.7469135802469136
0.8579545454545454
0.07377049180327869
0.81
0.8916666666666667
0.7482014388489209
0.7105263157894737
0.5608108108108109
0.36538461538461536
0.33695652173913043
0.8734567901234568
0.5071022727272727
0.051923076923076926
0.3133047210300429
0.8690476190476191
0.6350574712643678
0.8655913978494624
0.8333333333333334
0.9140625
0.572
0.6899038461538461
0.4135514018691589
0.569620253164557
0.10876623376623376
0.6443298969072165
0.08196721311475409
0.47413793103448276
0.17676767676767677
0.9230769230769231
0.8536036036036037
0.9337349397590361
0.7737341772151899
0.6705607476635514
0.19444444444444445
0.5404624277456648
0.09861111111111111
0.05818965517241379
0.24175824175824176
0.425
0.90625
0.7339108910891089
0.8197674418604651
0.2111650485436893
0.5595238095238095
0.7651515151515151
0.8325688073394495
0.5992063492063492
0.9082089552238806
0.6091954022988506
0.1286549707602339
0.8562992125984252
0.28087649402390436
0.7357752489331437
0.8012295081967213
0.1261904761904762
0.22626582278481014
0.7777777777777778
0.8333333333333334
0.12109375
0.5932203389830508
0.8130081300813008
0.9272151898734177
0.436046511627907
0.7398255813953488
0.509090909090909
0.038580246913580245
0.15099009900990099
0.6634615384615384
0.7952586206896551
0.7948717948717948
0.64
0.9
0.7295918367346939
0.8918685121107266
0.7217125382262997
0.905
0.3078947368421053
0.7589285714285714
0.8532608695652174
0.8186528497409327
0.9316239316239316
0.565068493150685
0.75
0.7558139534883721
0.7894736842105263
0.8992248062015504
0.5861111111111111
0.7802197802197802
0.13031914893617022
0.7379032258064516
0.565
0.07777777777777778
0.0707070707070707
0.04475982532751092
0.30625
0.6833333333333333
0.7617647058823529
0.7224770642201835
0.8632596685082873
0.7451923076923077
0.831858407079646
0.9228395061728395
0.7956521739130434
0.4748603351955307
0.8505154639175257
0.6133720930232558
0.6147342995169082
0.8617021276595744
0.39204545454545453
0.7272727272727273
0.08522727272727272
0.5229591836734694
0.10518292682926829
0.8035190615835777
0.12777777777777777
0.8211805555555556
0.4175
0.22826086956521738
0.44879518072289154
0.6401869158878505
0.19696969696969696
0.11934673366834171
0.8397435897435898
0.20808383233532934
0.17748091603053434
0.7538167938931297
0.6666666666666666
0.9156862745098039
0.6184834123222749
0.675
0.7862318840579711
0.17537313432835822
0.8443396226415094
0.14380530973451328
0.75625
0.06490384615384616
0.05403225806451613
0.08659217877094973
0.5363849765258216
0.8161538461538461
0.8888888888888888
0.32857142857142857
0.6357421875
0.853125
0.1953125
0.8679245283018868
0.06930693069306931
0.22033898305084745
0.18609022556390978
0.20426829268292682
0.6403508771929824
0.8967181467181468
0.8212890625
0.06461538461538462
0.14166666666666666
0.868
0.5164473684210527
0.9305555555555556
0.7130681818181818
0.8717228464419475
0.24666666666666667
0.30067567567567566
0.6661392405063291
0.13333333333333333
0.7622950819672131
0.9266467065868264
0.8353909465020576
0.11931818181818182
0.2922077922077922
0.8217948717948718
0.7838983050847458
0.9166666666666666
0.619281045751634
0.7078651685393258
0.6143617021276596
0.5833333333333334
0.7642857142857142
0.8970588235294118
0.9363207547169812
0.7269820971867008
0.8941176470588236
0.6735074626865671
0.06228956228956229
0.8571428571428571
0.7166666666666667
0.41037735849056606
0.5785714285714286
0.3640776699029126
0.30333333333333334
0.5210084033613446
0.7468354430379747
0.6635802469135802
0.4704081632653061
0.07954545454545454
0.3559322033898305
0.27816901408450706
0.641914191419142
0.25728155339805825
0.6698113207547169
0.8345588235294118
0.8544776119402985
0.16831683168316833
0.7631578947368421
0.8303571428571429
0.12078651685393259
0.7678571428571429
0.65
0.7629533678756477
0.728021978021978
0.21100917431192662
0.7866666666666666
0.28448275862068967
0.13495575221238937
0.5215827338129496
0.33643122676579923
0.072265625
0.6354166666666666
0.387987012987013
0.062162162162162166
0.7575757575757576
0.4772727272727273
0.7345132743362832
0.9051724137931034
0.078125
0.04642857142857143
0.6978609625668449
0.5034722222222222
0.11524822695035461
0.06422018348623854
0.36655405405405406
0.7727272727272727
0.8355263157894737
0.07484076433121019
0.21691176470588236
0.625
0.4838709677419355
0.7030456852791879
0.48663101604278075
0.8583690987124464
0.6344827586206897
0.6138888888888889
0.09913793103448276
0.5454545454545454
0.10802469135802469
0.5576923076923077
0.8479020979020979
0.871875
0.6738410596026491
0.04617834394904458
0.569047619047619
0.7098540145985401
0.6411290322580645
0.7159090909090909
0.09242424242424242
0.801829268292683
0.16
0.5152439024390244
0.9147286821705426
0.9343971631205674
0.8116438356164384
0.19594594594594594
0.09926470588235294
0.37254901960784315
0.8458549222797928
0.06994818652849741
0.1736111111111111
0.5664251207729468
0.5456730769230769
0.08454545454545455
0.8694444444444445
0.14930555555555555
0.16578947368421051
0.687992125984252
0.6442307692307693
0.7518656716417911
0.7058823529411765
0.6482558139534884
0.14285714285714285
0.5740131578947368
0.1
0.9001865671641791
0.651685393258427
0.6378504672897196
0.6796296296296296
0.9166666666666666
0.781578947368421
0.8525641025641025
0.6666666666666666
0.5371621621621622
0.9011976047904192
0.6261682242990654
0.35
0.8125
0.6728515625
0.14583333333333334
0.09389140271493213
0.5298165137614679
0.7970588235294118
0.6296296296296297
0.25769230769230766
0.7761363636363636
0.67
0.8296089385474861
0.7865384615384615
0.07446808510638298
0.6766304347826086
0.7538759689922481
0.09210526315789473
0.63
0.5373134328358209
0.03910614525139665
0.25
0.8678451178451179
0.5664556962025317
0.10806451612903226
0.8890977443609023
0.615625
0.8256302521008403
0.050724637681159424
0.8347826086956521
0.6072916666666667
0.5
0.6739130434782609
0.23161764705882354
0.4946808510638298
0.9054621848739496
0.16355140186915887
0.6462418300653595
0.6171428571428571
0.5505050505050505
0.8464052287581699
0.43724279835390945
0.07751937984496124
0.7838983050847458
0.5966898954703833
0.8522727272727273
0.42913385826771655
0.823
0.21804511278195488
0.806
0.20166666666666666
0.6754032258064516
0.660427807486631
0.837431693989071
0.6983695652173914
0.6625
0.8724489795918368
0.8525641025641025
0.596045197740113
0.6833333333333333
0.12385321100917432
0.4527027027027027
0.887459807073955
0.3701923076923077
0.7946808510638298
0.16911764705882354
0.29359430604982206
0.7784653465346535
0.8936170212765957
0.7553191489361702
0.6774193548387096
0.4861111111111111
0.923728813559322
0.9198113207547169
0.78125
0.635036496350365
0.7822085889570553
0.23529411764705882
0.4701492537313433
0.964765100671141
0.5851063829787234
0.9077380952380952
0.9107142857142857
0.6528776978417267
0.3442982456140351
0.13709677419354838
0.7617302052785924
0.16666666666666666
0.8441176470588235
0.75
0.8936781609195402
0.8703703703703703
0.7558139534883721
0.12549407114624506
0.12272727272727273
0.7997737556561086
0.6592465753424658
0.9107142857142857
0.05790960451977401
0.5741071428571428
0.24471830985915494
0.8944954128440367
0.835
0.926056338028169
0.7246835443037974
0.6840277777777778
0.18125
0.11483253588516747
0.9129464285714286
0.125
0.8546511627906976
0.8247549019607843
0.07051282051282051
0.05244755244755245
0.9288617886178862
0.6723107569721115
0.4979166666666667
0.6862244897959183
0.6785714285714286
0.8347457627118644
0.25757575757575757
0.9368932038834952
0.5403225806451613
0.6033333333333334
0.5805084745762712
0.4262295081967213
0.06147540983606557
0.14358108108108109
0.7827102803738317
0.20089285714285715
0.1396103896103896
0.8628691983122363
0.7766393442622951
0.07777777777777778
0.10025380710659898
0.4696969696969697
0.6949152542372882
0.5576241134751773
0.1836734693877551
0.64453125
0.42291666666666666
0.880184331797235
0.1015625
0.10099337748344371
0.8846153846153846
0.7078189300411523
0.7027027027027027
0.8443877551020408
0.21818181818181817
0.09042553191489362
0.11212121212121212
0.7611940298507462
0.83046875
0.48703703703703705
0.6583969465648855
0.09615384615384616
0.8943298969072165
0.8063380281690141
0.87890625
0.8354430379746836
0.33134920634920634
0.8333333333333334
0.09574468085106383
0.7265957446808511
0.5017985611510791
0.7388888888888889
0.8794642857142857
0.842964824120603
0.5557851239669421
0.09221311475409837
0.7118320610687023
0.7765151515151515
0.8194444444444444
0.8817204301075269
0.9424603174603174
0.7363013698630136
0.09375
0.8458333333333333
0.6186868686868687
0.044642857142857144
0.531437125748503
0.7842105263157895
0.7393162393162394
0.07670454545454546
0.9274193548387096
0.7780373831775701
0.4010416666666667
0.7069672131147541
0.17123287671232876
0.6870503597122302
0.4475
0.6770516717325228
0.16883116883116883
0.47865853658536583
0.8350785340314136
0.7222222222222222
0.6285714285714286
0.1891891891891892
0.05
0.40896739130434784
0.46464646464646464
0.04560810810810811
0.65
0.9049295774647887
0.38244047619047616
0.12954545454545455
0.8022388059701493
0.16847826086956522
0.11688311688311688
0.03244274809160305
0.12080536912751678
0.0778688524590164
0.8160377358490566
0.6287878787878788
0.5199742268041238
0.9078947368421053
0.75
0.15178571428571427
0.19382022471910113
0.35375494071146246
0.9475
0.7106164383561644
0.6854166666666667
0.5792079207920792
0.3813131313131313
0.6549295774647887
0.7894736842105263
0.11851851851851852
0.8029556650246306
0.12598425196850394
0.426517571884984
0.7028061224489796
0.048828125
0.9551282051282052
0.9365079365079365
0.8665413533834586
0.8884297520661157
0.8328313253012049
0.8969387755102041
0.11607142857142858
0.6317567567567568
0.05785123966942149
0.9214285714285714
0.618421052631579
0.9083333333333333
0.12190082644628099
0.9185185185185185
0.5909090909090909
0.8969594594594594
0.300531914893617
0.9211711711711712
0.49184782608695654
0.9509569377990431
0.2536764705882353
0.10227272727272728
0.8473837209302325
0.8121301775147929
0.8441176470588235
0.5357142857142857
0.6870229007633588
0.08967391304347826
0.7371794871794872
0.11494252873563218
0.11585365853658537
0.4722222222222222
0.6970588235294117
0.08415841584158416
0.6675675675675675
0.1449044585987261
0.6579601990049752
0.17405063291139242
0.13662790697674418
0.9326923076923077
0.8405172413793104
0.6621863799283154
0.1035031847133758
0.07281553398058252
0.7468354430379747
0.7166666666666667
0.3978260869565217
0.6044303797468354
0.9239130434782609
0.4898373983739837
0.07795698924731183
0.8488095238095238
0.11151079136690648
0.6856223175965666
0.5225225225225225
0.6764705882352942
0.69921875
0.13802083333333334
0.742816091954023
0.1484375
0.8
0.7870370370370371
0.40240641711229946
0.8293650793650794
0.20408163265306123
0.3026315789473684
0.7478813559322034
0.6148148148148148
0.05534351145038168
0.8768656716417911
0.5
0.7560240963855421
0.7653958944281525
0.20614035087719298
0.0921875
0.8619631901840491
0.17647058823529413
0.8304347826086956
0.8493150684931506
0.17465753424657535
0.31741573033707865
0.4262295081967213
0.5910714285714286
0.6932989690721649
0.08756345177664974
0.9159663865546218
0.3431818181818182
0.14795918367346939
0.11538461538461539
0.895
0.15517241379310345
0.9318181818181818
0.19230769230769232
0.5978260869565217
0.31542056074766356
0.6617647058823529
0.2833333333333333
0.8184931506849316
0.732484076433121
0.7305194805194806
0.6898550724637681
0.511986301369863
0.7789634146341463
0.09121621621621621
0.7357954545454546
0.6486111111111111
0.7243589743589743
0.7877358490566038
0.7294520547945206
0.6373239436619719
0.3443708609271523
0.3530701754385965
0.8016759776536313
0.7575
0.23507462686567165
0.35860655737704916
0.13288288288288289
0.3854748603351955
0.6992481203007519
0.11883408071748879
0.211864406779661
0.058823529411764705
0.5775316455696202
0.8589743589743589
0.7292993630573248
0.769927536231884
0.07777777777777778
0.08695652173913043
0.08811475409836066
0.43333333333333335
0.5487551867219918
0.07989690721649484
0.07795698924731183
0.6399253731343284
0.7462825278810409
0.5766666666666667
0.7989130434782609
0.09090909090909091
0.728494623655914
0.04744525547445255
0.925
0.08815028901734104
0.6554878048780488
0.26865671641791045
0.6547619047619048
0.9107142857142857
0.7765151515151515
0.7741935483870968
0.39344262295081966
0.225
0.08003597122302158
0.47291666666666665
0.547752808988764
0.07777777777777778
0.44642857142857145
0.7770833333333333
0.6190476190476191
0.755859375
0.5031645569620253
0.2
0.1568627450980392
0.8487903225806451
0.38651315789473684
0.5026595744680851
0.6010869565217392
0.5959821428571429
0.36486486486486486
0.28982300884955753
0.791095890410959
0.35353535353535354
0.7748091603053435
0.7087155963302753
0.6313559322033898
0.5426136363636364
0.06567796610169492
0.173828125
0.32230392156862747
0.6213662790697675
0.8173469387755102
0.6793103448275862
0.9484375
0.1391304347826087
0.8434579439252337
0.48711340206185566
0.6634615384615384
0.075
0.8984899328859061
0.5766129032258065
0.0982824427480916
0.12941176470588237
0.7564102564102564
0.5594989561586639
0.4423076923076923
0.17857142857142858
0.8227848101265823
0.1732283464566929
0.7486187845303868
0.6610576923076923
0.7011494252873564
0.8022598870056498
0.12485380116959065
0.8784153005464481
0.7419354838709677
0.5298507462686567
0.2065972222222222
0.13322368421052633
0.6016129032258064
0.6375661375661376
0.38513513513513514
0.82
0.11477987421383648
0.6617647058823529
0.8589449541284404
0.8392857142857143
0.740909090909091
0.8117088607594937
0.08823529411764706
0.5758196721311475
0.7386759581881533
0.11853448275862069
0.8260869565217391
0.29924242424242425
0.5777777777777777
0.8705357142857143
0.45
0.9
0.5863095238095238
0.8648648648648649
0.5945945945945946
0.3881578947368421
0.8148148148148148
0.91796875
0.09926470588235294
0.10549132947976879
0.08766233766233766
0.916015625
0.6486486486486487
0.17045454545454544
0.8056872037914692
0.13186813186813187
0.6961206896551724
0.6225247524752475
0.7219387755102041
0.9322916666666666
0.5426356589147286
0.13725490196078433
0.05752212389380531
0.8392857142857143
0.07003257328990228
0.09042553191489362
0.5506756756756757
0.6677631578947368
0.7244094488188977
0.13076923076923078
0.3346774193548387
0.5941558441558441
0.5984848484848485
0.5748031496062992
0.7873134328358209
0.220703125
0.1375
0.5130434782608696
0.7642857142857142
0.7880434782608695
0.15136054421768708
0.7051886792452831
0.6674107142857143
0.8307692307692308
0.7598039215686274
0.17985611510791366
0.7661290322580645
0.7542372881355932
0.87125
0.11567164179104478
0.2159090909090909
0.7121212121212122
0.8718487394957983
0.9166666666666666
0.8696172248803827
0.15870786516853932
0.6800847457627118
0.3135245901639344
0.7857142857142857
0.5127551020408163
0.6125498007968128
0.15204678362573099
0.6541353383458647
0.6025280898876404
0.08333333333333333
0.13194444444444445
0.7595419847328244
0.7706489675516224
0.4146341463414634
0.09913793103448276
0.812992125984252
0.07055749128919861
0.7088235294117647
0.6853448275862069
0.06666666666666667
0.8266666666666667
0.11559139784946236
0.21180555555555555
0.11451612903225807
0.9109947643979057
0.8038740920096852
0.49427480916030536
0.4375
0.8293650793650794
0.7534246575342466
0.1346153846153846
0.6363636363636364
0.7602040816326531
0.7103365384615384
0.08333333333333333
0.7803514376996805
0.1160337552742616
0.9208333333333333
0.6367924528301887
0.4368556701030928
0.109375
0.8513071895424836
0.04881656804733728
0.8185714285714286
0.6666666666666666
0.12341772151898735
0.7625
0.6940298507462687
0.8040730337078652
0.8276315789473684
0.7634408602150538
0.15753424657534246
0.7673267326732673
0.6547619047619048
0.6039603960396039
0.9024725274725275
0.8658256880733946
0.8326446280991735
0.18298969072164947
0.14969135802469136
0.7710280373831776
0.8350515463917526
0.7464788732394366
0.08680555555555555
0.880718954248366
0.4358974358974359
0.08658008658008658
0.8597560975609756
0.8141025641025641
0.4451219512195122
0.5345911949685535
0.12931034482758622
0.8223981900452488
0.7682403433476395
0.8566176470588235
0.6473429951690821
0.25
0.7702702702702703
0.3606060606060606
0.7261904761904762
0.7072649572649573
0.7416666666666667
0.7604602510460251
0.5307692307692308
0.9262295081967213
0.20588235294117646
0.1375
0.7683150183150184
0.7030612244897959
0.3903061224489796
0.7068965517241379
0.09738372093023256
0.7777777777777778
0.28353658536585363
0.6909340659340659
0.8380681818181818
0.17071197411003236
0.6704545454545454
0.76
0.823394495412844
0.17857142857142858
0.7888888888888889
0.9267515923566879
0.2265625
0.20977011494252873
0.8866279069767442
0.7326589595375722
0.7729885057471264
0.47023809523809523
0.8259803921568627
0.7205882352941176
0.6626506024096386
0.5123239436619719
0.4176470588235294
0.4603174603174603
0.4393203883495146
0.7733050847457628
0.9590909090909091
0.7313084112149533
0.89
0.673
0.20833333333333334
0.7297297297297297
0.7043478260869566
0.103125
0.7481060606060606
0.2554347826086957
0.23975409836065573
0.9528301886792453
0.8636363636363636
0.4589285714285714
0.6283783783783784
0.20535714285714285
0.40773809523809523
0.10251798561151079
0.13271604938271606
0.7930622009569378
0.0875796178343949
0.253448275862069
0.41721854304635764
0.8710691823899371
0.125
0.8931623931623932
0.7960526315789473
0.6027777777777777
0.06018518518518518
0.6037037037037037
0.6446078431372549
0.30236486486486486
0.8047619047619048
0.1859504132231405
0.5338983050847458
0.676948051948052
0.4486111111111111
0.8639240506329114
0.6843434343434344
0.12037037037037036
0.597972972972973
0.41019417475728154
0.5357142857142857
0.6008771929824561
0.9086021505376344
0.7871621621621622
0.7615740740740741
0.4958791208791209
0.748587570621469
0.44776119402985076
0.7025089605734767
0.07981927710843373
0.8205128205128205
0.9024725274725275
0.7544014084507042
0.10818713450292397
0.15168539325842698
0.12234042553191489
0.11870503597122302
0.4737903225806452
0.851063829787234
0.4375
0.7864583333333334
0.10317460317460317
0.6808035714285714
0.7584269662921348
0.5819672131147541
0.7649769585253456
0.6058673469387755
0.2217741935483871
0.065
0.8787128712871287
0.6114583333333333
0.7506775067750677
0.5977011494252874
0.8037383177570093
0.36146907216494845
0.7106741573033708
0.8655172413793103
0.1536144578313253
0.08169934640522876
0.7548701298701299
0.6195652173913043
0.800531914893617
0.10546875
0.8465346534653465
0.712882096069869
0.44166666666666665
0.7615740740740741
0.543010752688172
0.5542452830188679
0.5423076923076923
0.8203125
0.7161290322580646
0.115234375
0.5844594594594594
0.6212871287128713
0.7674731182795699
0.10650224215246637
0.5637254901960784
0.7427884615384616
0.6902173913043478
0.5370370370370371
0.30833333333333335
0.7777777777777778
0.6818181818181818
0.9093137254901961
0.8097014925373134
0.2638121546961326
0.19298245614035087
0.6025641025641025
0.8457943925233645
0.8160377358490566
0.5769230769230769
0.8861003861003861
0.41350710900473936
0.3090909090909091
0.6929530201342282
0.6888297872340425
0.12931034482758622
0.19444444444444445
0.6092814371257484
0.8415841584158416
0.36049107142857145
0.33811475409836067
0.5631868131868132
0.7232142857142857
0.6673913043478261
0.6853448275862069
0.11046511627906977
0.5210843373493976
0.47270114942528735
0.8860294117647058
0.08040201005025126
0.8325242718446602
0.09615384615384616
0.2916666666666667
0.08632286995515695
0.23550724637681159
0.4845360824742268
0.708029197080292
0.06147540983606557
0.27611940298507465
0.793859649122807
0.5882352941176471
0.6496138996138996
0.11553030303030302
0.577922077922078
0.14823008849557523
0.43873517786561267
0.828125
0.8234265734265734
0.5398936170212766
0.47468354430379744
0.07105263157894737
0.7912735849056604
0.7776203966005666
0.8291666666666667
0.20277777777777778
0.251865671641791
0.10144927536231885
0.9456521739130435
0.6022012578616353
0.5982905982905983
0.6979638009049773
0.7263313609467456
0.6242603550295858
0.7126948775055679
0.9306451612903226
0.17989417989417988
0.09451219512195122
0.8221649484536082
0.8933823529411765
0.75
0.7588235294117647
0.6416666666666667
0.1310483870967742
0.7220149253731343
0.8018433179723502
0.21385542168674698
0.5748792270531401
0.7766990291262136
0.11057692307692307
0.12394957983193278
0.8173076923076923
0.8415841584158416
0.452970297029703
0.0995260663507109
0.6162420382165605
0.8157894736842105
0.1430635838150289
0.924468085106383
0.1336206896551724
0.7512437810945274
0.49604743083003955
0.44021739130434784
0.34196891191709844
0.7328431372549019
0.8935185185185185
0.8034188034188035
0.7930555555555555
0.7292899408284024
0.6729323308270677
0.7761194029850746
0.6273584905660378
0.8166666666666667
0.8333333333333334
0.8673469387755102
0.7577319587628866
0.8881789137380192
0.1201923076923077
0.8347457627118644
0.7357784431137725
0.9297752808988764
0.7560975609756098
0.208955223880597
0.6040145985401459
0.7333333333333333
0.757396449704142
0.4583333333333333
0.6583333333333333
0.70375
0.7255154639175257
0.11818181818181818
0.4525
0.8447712418300654
0.4739583333333333
0.20052083333333334
0.8486394557823129
0.797244094488189
0.20388349514563106
0.6125
0.8676470588235294
0.575
0.907608695652174
0.8365384615384616
0.07692307692307693
0.6379003558718861
0.03954802259887006
0.6266666666666667
0.13596491228070176
0.046296296296296294
0.24795081967213115
0.06381118881118882
0.48026315789473684
0.08298319327731092
0.7756211180124224
0.34065934065934067
0.03317535545023697
0.8297546012269938
0.08928571428571429
0.3170454545454545
0.9391025641025641
0.83984375
0.08143939393939394
0.674
0.9722222222222222
0.7325581395348837
0.3239795918367347
0.7745901639344263
0.8044354838709677
0.7464114832535885
0.9532520325203252
0.711864406779661
0.5151515151515151
0.6045454545454545
0.7740174672489083
0.71875
0.8557046979865772
0.13725490196078433
0.10915492957746478
0.26666666666666666
0.6464646464646465
0.0942622950819672
0.5472350230414746
0.649671052631579
0.31626506024096385
0.5552884615384616
0.5632911392405063
0.28370786516853935
0.2804878048780488
0.6118143459915611
0.34011627906976744
0.4922360248447205
0.07366071428571429
0.7414772727272727
0.6071428571428571
0.7443502824858758
0.2388888888888889
0.9166666666666666
0.7282110091743119
0.06686046511627906
0.7831325301204819
0.42924528301886794
0.4917218543046358
0.7216257668711656
0.5874233128834356
0.6325581395348837
0.06583072100313479
0.7
0.7159574468085106
0.7572115384615384
0.8870967741935484
0.2261904761904762
0.8269230769230769
0.8425925925925926
0.07781456953642384
0.6
0.7259887005649718
0.18092105263157895
0.908695652173913
0.07474226804123711
0.1673913043478261
0.8974358974358975
0.2898550724637681
0.8365384615384616
0.055357142857142855
0.6458333333333334
0.8112094395280236
0.8857615894039735
0.6750972762645915
0.769927536231884
0.6767241379310345
0.84765625
0.22580645161290322
0.13580246913580246
0.16875
0.5878378378378378
0.930939226519337
0.18287037037037038
0.9435975609756098
0.15104166666666666
0.9173387096774194
0.3230769230769231
0.38461538461538464
0.7246376811594203
0.920863309352518
0.7932900432900433
0.7973684210526316
0.8512269938650306
0.8560606060606061
0.27
0.7910447761194029
0.6990740740740741
0.4166666666666667
0.16785714285714284
0.4411764705882353
0.9215686274509803
0.7282051282051282
0.21036585365853658
0.6171875
0.85
0.7518796992481203
0.2857142857142857
0.8218232044198895
0.4875
0.6164383561643836
0.11891891891891893
0.7548076923076923
0.609375
0.7877906976744186
0.8835978835978836
0.7228682170542635
0.14074074074074075
0.873046875
0.11304347826086956
0.78125
0.05269320843091335
0.16228070175438597
0.7845911949685535
0.408675799086758
0.32142857142857145
0.3
0.07214765100671142
0.24285714285714285
0.9087837837837838
0.6425531914893617
0.15384615384615385
0.09953703703703703
0.809375
0.29411764705882354
0.9108695652173913
0.5096899224806202
0.8088235294117647
0.8442622950819673
0.11188811188811189
0.05357142857142857
0.8883928571428571
0.8835227272727273
0.7006172839506173
0.722972972972973
0.8229166666666666
0.9030612244897959
0.7304216867469879
0.11921296296296297
0.16470588235294117
0.5535714285714286
0.2696969696969697
0.8221153846153846
0.12198067632850242
0.09659090909090909
0.10930232558139535
0.14615384615384616
0.10559006211180125
0.6527777777777778
0.7245762711864406
0.20930232558139536
0.5287356321839081
0.46
0.1836734693877551
0.07278481012658228
0.5790322580645161
0.11956521739130435
0.524
0.726878612716763
0.11266094420600858
0.8580645161290322
0.25
0.05
0.6575342465753424
0.8102941176470588
0.16590909090909092
0.7532051282051282
0.47591743119266056
0.7926829268292683
0.68
0.34479166666666666
0.8474025974025974
0.8097345132743363
0.3131578947368421
0.16847826086956522
0.7865497076023392
0.1431297709923664
0.12426900584795321
0.40808823529411764
0.18137254901960784
0.17405063291139242
0.5723684210526315
0.6959459459459459
0.6333333333333333
0.6517857142857143
0.4628712871287129
0.7537174721189591
0.8521505376344086
0.6632653061224489
0.9140625
0.7551020408163265
0.32978723404255317
0.596551724137931
0.90814696485623
0.7237903225806451
0.7981418918918919
0.22023809523809523
0.7028619528619529
0.08076923076923077
0.9239130434782609
0.30842911877394635
0.6776315789473685
0.8744131455399061
0.6631944444444444
0.17289719626168223
0.8370535714285714
0.14870689655172414
0.7351485148514851
0.21354166666666666
0.1590909090909091
0.2418478260869565
0.25980392156862747
0.6716867469879518
0.09833333333333333
0.084375
0.6597222222222222
0.8254716981132075
0.3415032679738562
0.134
0.16820276497695852
0.12394957983193278
0.7931034482758621
0.7169117647058824
0.8916666666666667
0.675531914893617
0.8669064748201439
0.0949367088607595
0.4929078014184397
0.695364238410596
0.1683673469387755
0.7462121212121212
0.365625
0.8957528957528957
0.7941919191919192
0.5865384615384616
0.8324175824175825
0.6693121693121693
0.53125
0.6986301369863014
0.7191011235955056
0.10694444444444444
0.8853305785123967
0.1261682242990654
0.7397260273972602
0.3902439024390244
0.8712121212121212
0.21354166666666666
0.6107594936708861
0.2747747747747748
0.7161016949152542
0.1792452830188679
0.8049132947976878
0.4834905660377358
0.7657142857142857
0.9448529411764706
0.12367021276595745
0.19578313253012047
0.20689655172413793
0.7802013422818792
0.4911504424778761
0.8619186046511628
0.6511627906976745
0.7366666666666667
0.3359375
0.11956521739130435
0.6547619047619048
0.7839805825242718
0.5027675276752768
0.6
0.7261904761904762
0.7054263565891473
0.8877551020408163
0.8340336134453782
0.202
0.7052238805970149
0.26785714285714285
0.4560810810810811
0.4763231197771588
0.48462783171521034
0.8427734375
0.8404471544715447
0.8704081632653061
0.3404059040590406
0.5726744186046512
0.6122881355932204
0.3640776699029126
0.1261061946902655
0.4517543859649123
0.10294117647058823
0.8835470085470085
0.8782894736842105
0.765748031496063
0.8424908424908425
0.684375
0.3137254901960784
0.12073863636363637
0.900398406374502
0.7866666666666666
0.4971751412429379
0.3971238938053097
0.8599137931034483
0.9312169312169312
0.7034883720930233
0.21581196581196582
0.41292134831460675
0.9396551724137931
0.8079044117647058
0.6025
0.16964285714285715
0.7083333333333334
0.7152777777777778
0.1903409090909091
0.6530172413793104
0.07670454545454546
0.8007246376811594
0.6961009174311926
0.9214285714285714
0.8635394456289979
0.7057291666666666
0.19618055555555555
0.8767361111111112
0.07165605095541401
0.1125
0.7668067226890757
0.8185483870967742
0.5107142857142857
0.65625
0.8663366336633663
0.5331325301204819
0.9207317073170732
0.7486187845303868
0.09285714285714286
0.7638888888888888
0.8535031847133758
0.5092592592592593
0.1569767441860465
0.1721014492753623
0.8704545454545455
0.10833333333333334
0.6892523364485982
0.4837662337662338
0.31852791878172587
0.7857142857142857
0.7753164556962026
0.8998015873015873
0.9137931034482759
0.6513761467889908
0.05898876404494382
0.7211538461538461
0.6158854166666666
0.5965447154471545
0.6631944444444444
0.5447154471544715
0.5632530120481928
0.484375
0.22784810126582278
0.70625
0.9214285714285714
0.8616504854368932
0.7204724409448819
0.07180851063829788
0.7041666666666667
0.6525
0.8481404958677686
0.8333333333333334
0.8072916666666666
0.7599206349206349
0.57
0.5432960893854749
0.31875
0.7023809523809523
0.5986842105263158
0.6052631578947368
0.01603206412825651
0.15657894736842104
0.8188405797101449
0.11593059936908517
0.3952702702702703
0.655940594059406
0.7275280898876404
0.8775862068965518
0.5064935064935064
0.5066765578635015
0.7138364779874213
0.31976744186046513
0.6640625
0.09375
0.41
0.7391304347826086
0.5855263157894737
0.8962765957446809
0.8670634920634921
0.6346153846153846
0.8512658227848101
0.10185185185185185
0.0880281690140845
0.8673469387755102
0.7763157894736842
0.16666666666666666
0.5376712328767124
0.6782786885245902
0.09333333333333334
0.35
0.3322784810126582
0.8256880733944955
0.5866935483870968
0.7574850299401198
0.2089041095890411
0.21195652173913043
0.8657407407407407
0.7419786096256684
0.8165680473372781
0.3625
0.2611731843575419
0.2196969696969697
0.6314102564102564
0.09431137724550898
0.16847826086956522
0.5939597315436241
0.9074074074074074
0.16139240506329114
0.796875
0.8333333333333334
0.6265432098765432
0.10372340425531915
0.08385093167701864
0.14682539682539683
0.5271739130434783
0.39880952380952384
0.09036144578313253
0.16666666666666666
0.06971153846153846
0.7088607594936709
0.7275641025641025
0.1756198347107438
0.5956521739130435
0.06346153846153846
0.8807692307692307
0.18154761904761904
0.7695147679324894
0.45982142857142855
0.4075342465753425
0.6145833333333334
0.6213768115942029
0.9127906976744186
0.5044052863436124
0.19411764705882353
0.8225806451612904
0.813858695652174
0.09745762711864407
0.7889908256880734
0.9452380952380952
0.1183206106870229
0.7439024390243902
0.05909090909090909
0.9451219512195121
0.8290816326530612
0.7963709677419355
0.1402439024390244
0.07371794871794872
0.125
0.41369047619047616
0.43848167539267013
0.053703703703703705
0.5504587155963303
0.08514492753623189
0.12403100775193798
0.5555555555555556
0.7757009345794392
0.7152567975830816
0.8192307692307692
0.07961309523809523
0.15570175438596492
0.7635467980295566
0.7602272727272728
0.4725274725274725
0.845
0.23684210526315788
0.7637931034482759
0.7528735632183908
0.8775510204081632
0.9011627906976745
0.6572164948453608
0.6108870967741935
0.6901041666666666
0.26276595744680853
0.859375
0.05113636363636364
0.7702898550724637
0.7877813504823151
0.7602739726027398
0.7444852941176471
0.4462962962962963
0.7947761194029851
0.18452380952380953
0.75
0.5269953051643192
0.606
0.8285714285714286
0.5388888888888889
0.32657657657657657
0.5297619047619048
0.782608695652174
0.1337719298245614
0.09427609427609428
0.15885416666666666
0.8561452513966481
0.6206140350877193
0.13522012578616352
0.8966165413533834
0.7973684210526316
0.7393617021276596
0.868
0.20643939393939395
0.9340277777777778
0.6505376344086021
0.6950354609929078
0.5710227272727273
0.42391304347826086
0.9155405405405406
0.5673076923076923
0.5441176470588235
0.5336538461538461
0.6367647058823529
0.6875
0.36947791164658633
0.171875
0.8029411764705883
0.5441176470588235
0.5072992700729927
0.10596026490066225
0.4713541666666667
0.8833333333333333
0.20918367346938777
0.7414163090128756
0.11666666666666667
0.825
0.8110687022900763
0.537828947368421
0.6792452830188679
0.8033980582524272
0.6781609195402298
0.8004201680672269
0.8950381679389313
0.10240963855421686
0.05555555555555555
0.63875
0.7789256198347108
0.8012640449438202
0.5833333333333334
0.07208588957055215
0.1337719298245614
0.8325123152709359
0.890625
0.42578125
0.09090909090909091
0.09210526315789473
0.38425925925925924
0.4785714285714286
0.5330882352941176
0.46120689655172414
0.05303030303030303
0.48333333333333334
0.09415584415584416
0.7735849056603774
0.7033582089552238
0.49666666666666665
0.6646341463414634
0.8043478260869565
0.7713498622589532
0.22282608695652173
0.6055900621118012
0.52875
0.9267241379310345
0.11090225563909774
0.12585034013605442
0.79
0.8406735751295337
0.6617647058823529
0.9598214285714286
0.08540925266903915
0.5876383763837638
0.11764705882352941
0.8187022900763359
0.8167134831460674
0.7169811320754716
0.7169491525423729
0.5589622641509434
0.06837606837606838
0.20723684210526316
0.5871559633027523
0.8091603053435115
0.8955108359133127
0.11057692307692307
0.5106132075471698
0.6851464435146444
0.9587378640776699
0.9045454545454545
0.8656716417910447
0.482258064516129
0.0761986301369863
0.17151162790697674
0.6475409836065574
0.6902173913043478
0.3191489361702128
0.2077922077922078
0.1869747899159664
0.6292372881355932
0.9449152542372882
0.3
0.8611111111111112
0.16216216216216217
0.6843065693430657
0.3232758620689655
0.6363636363636364
0.6023489932885906
0.17405063291139242
0.15625
0.884469696969697
0.7890625
0.903755868544601
0.8475274725274725
0.7975206611570248
0.6175213675213675
0.5531914893617021
0.1353211009174312
0.6129032258064516
0.8955938697318008
0.7808988764044944
0.9307432432432432
0.5084745762711864
0.6913265306122449
0.6603260869565217
0.6538461538461539
0.7086419753086419
0.4
0.8199300699300699
0.7314814814814815
0.8478260869565217
0.12577639751552794
0.5401234567901234
0.8090277777777778
0.20833333333333334
0.09615384615384616
0.8141711229946524
0.5445736434108527
0.071875
0.16470588235294117
0.59375
0.7865168539325843
0.6434426229508197
0.5166666666666667
0.5168539325842697
0.8
0.76
0.8260869565217391
0.28289473684210525
0.7195121951219512
0.5765895953757225
0.7862318840579711
0.7652243589743589
0.7149532710280374
0.39901477832512317
0.8082191780821918
0.49615384615384617
0.571078431372549
0.6297169811320755
0.8016129032258065
0.6179245283018868
0.7712962962962963
0.7966666666666666
0.6680327868852459
0.6676706827309237
0.7318840579710145
0.8480392156862745
0.1636029411764706
0.40808823529411764
0.5103383458646616
0.11635220125786164
0.8433734939759037
0.6640625
0.11324786324786325
0.8433219178082192
0.51640625
0.36235955056179775
0.3844086021505376
0.4861111111111111
0.14035087719298245
0.12259615384615384
0.7584033613445378
0.1483739837398374
0.8731060606060606
0.6535087719298246
0.07368421052631578
0.9152542372881356
0.365
0.10650887573964497
0.7407407407407407
0.646484375
0.6190476190476191
0.10438144329896908
0.7761194029850746
0.721830985915493
0.6469298245614035
0.7474619289340102
0.865546218487395
0.8898809523809523
0.23809523809523808
0.13619402985074627
0.9116279069767442
0.4242021276595745
0.9150943396226415
0.878
0.7076923076923077
0.5753968253968254
0.1328125
0.4362244897959184
0.1875
0.4571197411003236
0.19722222222222222
0.626984126984127
0.11504424778761062
0.63671875
0.6535087719298246
0.4076923076923077
0.44642857142857145
0.46205357142857145
0.38911290322580644
0.7201986754966887
0.7657657657657657
0.5401785714285714
0.7666666666666667
0.8504901960784313
0.16666666666666666
0.8191056910569106
0.3734567901234568
0.8489010989010989
0.7669491525423728
0.2196969696969697
0.569672131147541
0.8685897435897436
0.6076158940397351
0.33164983164983164
0.6155660377358491
0.909952606635071
0.5695754716981132
0.8312937062937062
0.46405228758169936
0.22286821705426357
0.7720125786163522
0.7222222222222222
0.6991525423728814
0.6
0.21646341463414634
0.6785714285714286
0.4269067796610169
0.8265124555160143
0.8551401869158879
0.925764192139738
0.9171779141104295
0.8702928870292888
0.20170454545454544
0.12612612612612611
0.2777777777777778
0.3
0.9045454545454545
0.08964646464646464
0.875
0.7341269841269841
0.7127403846153846
0.10737179487179487
0.1672185430463576
0.25
0.8504273504273504
0.6444444444444445
0.5486577181208053
0.7571942446043165
0.822
0.16111111111111112
0.8601398601398601
0.10361842105263158
0.1323529411764706
0.10986547085201794
0.5235294117647059
0.109375
0.6265822784810127
0.9761904761904762
0.6866391184573003
0.6369426751592356
0.8930232558139535
0.14261744966442952
0.1122754491017964
0.18435754189944134
0.9449152542372882
0.63
0.7061068702290076
0.6323529411764706
0.18112244897959184
0.7909090909090909
0.07281553398058252
0.4875
0.32142857142857145
0.4635416666666667
0.7392857142857143
0.08433734939759036
0.8620689655172413
0.6415094339622641
0.20412844036697247
0.7220543806646526
0.7677165354330708
0.125
0.9077868852459017
0.06487341772151899
0.09653465346534654
0.8847826086956522
0.6125
0.6534090909090909
0.7666666666666667
0.8950381679389313
0.8256972111553785
0.6279761904761905
0.7035573122529645
0.2358490566037736
0.7298850574712644
0.6475903614457831
0.2980769230769231
0.4945054945054945
0.7512437810945274
0.5938864628820961
0.803125
0.723404255319149
0.1480099502487562
0.6599264705882353
0.11724137931034483
0.3090277777777778
0.7476415094339622
0.8109756097560976
0.24295774647887325
0.18309859154929578
0.1930379746835443
0.7270318021201413
0.8548034934497817
0.7919254658385093
0.7771428571428571
0.7857142857142857
0.5137362637362637
0.4
0.7905759162303665
0.908203125
0.8392857142857143
0.23529411764705882
0.48412698412698413
0.5861111111111111
0.81353591160221
0.6016949152542372
0.7171717171717171
0.10416666666666667
0.8305785123966942
0.9266666666666666
0.6004784688995215
0.9565217391304348
0.43902439024390244
0.7807692307692308
0.16581632653061223
0.47554347826086957
0.6075
0.07758620689655173
0.4375
0.45591517857142855
0.054982817869415807
0.13333333333333333
0.7972222222222223
0.7367986798679867
0.5955056179775281
0.2824074074074074
0.2
0.08571428571428572
0.5159574468085106
0.5040322580645161
0.11785714285714285
0.8962264150943396
0.6032608695652174
0.6676136363636364
0.8157894736842105
0.6896551724137931
0.7605633802816901
0.21910112359550563
0.18269230769230768
0.7690615835777126
0.12179487179487179
0.1747787610619469
0.9322660098522167
0.4226190476190476
0.4991349480968858
0.9295774647887324
0.8296703296703297
0.8894230769230769
0.14365671641791045
0.23157894736842105
0.6814285714285714
0.8576271186440678
0.09322033898305085
0.13495575221238937
0.9358974358974359
0.225
0.8654580152671756
0.826271186440678
0.8961038961038961
0.057692307692307696
0.7662213740458015
0.7913793103448276
0.13489208633093525
0.7510162601626016
0.9101796407185628
0.7777777777777778
0.939873417721519
0.6485507246376812
0.675
0.2850877192982456
0.04562043795620438
0.8081683168316832
0.3038461538461538
0.6715116279069767
0.23655913978494625
0.6891891891891891
0.9397590361445783
0.12931034482758622
0.5631868131868132
0.6931818181818182
0.08333333333333333
0.6620689655172414
0.1323529411764706
0.8107142857142857
0.37
0.934
0.13448275862068965
0.7803030303030303
0.09
0.35631229235880396
0.8297546012269938
0.15555555555555556
0.9192913385826772
0.8345588235294118
0.3319672131147541
0.12804878048780488
0.09397163120567376
0.14928057553956833
0.6041666666666666
0.9083333333333333
0.8625
0.8703703703703703
0.583916083916084
0.745136186770428
0.2857142857142857
0.7931818181818182
0.19345238095238096
0.07115384615384615
0.9166666666666666
0.3524590163934426
0.055232558139534885
0.853030303030303
0.6926605504587156
0.17525773195876287
0.53
0.8016129032258065
0.8144329896907216
0.09797297297297297
0.8589743589743589
0.9238095238095239
0.6940298507462687
0.723568281938326
0.8072916666666666
0.9239130434782609
0.8842213114754098
0.8788659793814433
0.8112244897959183
0.8232323232323232
0.6866666666666666
0.07281553398058252
0.6885416666666667
0.6941489361702128
0.706858407079646
0.8
0.07300884955752213
0.7952127659574468
0.8951406649616368
0.1326530612244898
0.7166193181818182
0.19362745098039216
0.7847222222222222
0.6984536082474226
0.8738670694864048
0.1375968992248062
0.9225352112676056
0.8626760563380281
0.375
0.7002427184466019
0.8823529411764706
0.13596491228070176
0.86875
0.07444444444444444
0.2986577181208054
0.6932989690721649
0.7010135135135135
0.8375
0.8954545454545455
0.9384615384615385
0.8245341614906833
0.7740384615384616
0.13
0.17696629213483145
0.8946808510638298
0.09580838323353294
0.6848591549295775
0.8921800947867299
0.8287671232876712
0.36363636363636365
0.7528735632183908
0.4842105263157895
0.9038461538461539
0.8333333333333334
0.6434426229508197
0.8786764705882353
0.20454545454545456
0.8979166666666667
0.3201754385964912
0.6361256544502618
0.7152777777777778
0.6163366336633663
0.19932432432432431
0.7876569037656904
0.6190476190476191
0.2446236559139785
0.16666666666666666
0.8356573705179283
0.9090909090909091
0.10661764705882353
0.7591623036649214
0.1417910447761194
0.12794117647058822
0.7889908256880734
0.32903225806451614
0.11349693251533742
0.2161654135338346
0.12596899224806202
0.5801282051282052
0.8771626297577855
0.11842105263157894
0.3112244897959184
0.16428571428571428
0.6707317073170732
0.265
0.17473118279569894
0.7677865612648221
0.927734375
0.8884615384615384
0.8918367346938776
0.22761194029850745
0.138671875
0.8254716981132075
0.5338983050847458
0.15350877192982457
0.8432203389830508
0.7366310160427807
0.1836734693877551
0.9385245901639344
0.8192771084337349
0.2864583333333333
0.3165322580645161
0.8306451612903226
0.12735849056603774
0.9016203703703703
0.8019662921348315
0.875
0.14583333333333334
0.19318181818181818
0.6036789297658863
0.2411764705882353
0.21808510638297873
0.10817307692307693
0.083984375
0.5601851851851852
0.39880952380952384
0.8010752688172043
0.7122222222222222
0.8326446280991735
0.38235294117647056
0.65
0.83046875
0.3802966101694915
0.3089887640449438
0.48333333333333334
0.9578651685393258
0.3155080213903743
0.1377551020408163
0.8033707865168539
0.4507042253521127
0.28088235294117647
0.49444444444444446
0.1951219512195122
0.13836477987421383
0.9027777777777778
0.03888888888888889
0.8596491228070176
0.19444444444444445
0.5661538461538461
0.9281045751633987
0.71484375
0.7205882352941176
0.06996268656716417
0.8311320754716981
0.1487603305785124
0.5097402597402597
0.8996062992125984
0.505
0.5391566265060241
0.7708333333333334
0.9230769230769231
0.14583333333333334
0.4603448275862069
0.8011363636363636
0.7443693693693694
0.8394308943089431
0.8299180327868853
0.03901734104046243
0.09375
0.17777777777777778
0.8604651162790697
0.7647058823529411
0.23076923076923078
0.6300448430493274
0.45
0.11585365853658537
0.45394736842105265
0.0868320610687023
0.5104166666666666
0.09027777777777778
0.5785714285714286
0.5467032967032966
0.13547486033519554
0.07336956521739131
0.4141791044776119
0.6616847826086957
0.7006802721088435
0.8558823529411764
0.715
0.20380434782608695
0.9307432432432432
0.26537216828478966
0.490625
0.71875
0.7958333333333333
0.6267605633802817
0.04746835443037975
0.8351449275362319
0.75
0.7758064516129032
0.9505208333333334
0.11394557823129252
0.46559633027522934
0.5857142857142857
0.135
0.17897727272727273
0.09230769230769231
0.7780487804878049
0.08370535714285714
0.1067251461988304
0.6445783132530121
0.14666666666666667
0.33421052631578946
0.8904761904761904
0.6495726495726496
0.6848739495798319
0.651685393258427
0.7063953488372093
0.8450704225352113
0.11150234741784038
0.30833333333333335
0.09683794466403162
0.03708133971291866
0.6837349397590361
0.14204545454545456
0.5080645161290323
0.4340277777777778
0.8589743589743589
0.6642857142857143
0.7067901234567902
0.5049668874172185
0.9038461538461539
0.8914473684210527
0.7184684684684685
0.662621359223301
0.21920289855072464
0.17326732673267325
0.7331730769230769
0.8796296296296297
0.9461538461538461
0.5016339869281046
0.47282608695652173
0.8128930817610063
0.688034188034188
0.3717105263157895
0.6077981651376146
0.43617021276595747
0.9182692307692307
0.8333333333333334
0.27
0.7988505747126436
0.8653846153846154
0.8111888111888111
0.9285714285714286
0.134765625
0.7215909090909091
0.722972972972973
0.7842741935483871
0.5529661016949152
0.7741228070175439
0.6536697247706422
0.7230639730639731
0.7185792349726776
0.6933962264150944
0.74
0.8132911392405063
0.9047131147540983
0.7817796610169492
0.821875
0.16785714285714284
0.5763305322128851
0.09558823529411764
0.11423841059602649
0.11363636363636363
0.6565420560747663
0.8453237410071942
0.2661290322580645
0.708041958041958
0.3170731707317073
0.08970588235294118
0.7878787878787878
0.7102713178294574
0.03590425531914894
0.5496575342465754
0.8236151603498543
0.5658914728682171
0.41044776119402987
0.445
0.8197674418604651
0.6639871382636656
0.7087912087912088
0.1631578947368421
0.47103658536585363
0.04073033707865169
0.22933884297520662
0.6901041666666666
0.4973309608540925
0.37236842105263157
0.1744186046511628
0.5640394088669951
0.8425324675324676
0.11065573770491803
0.9011976047904192
0.5833333333333334
0.5931372549019608
0.4163934426229508
0.6483739837398373
0.842741935483871
0.5465116279069767
0.842436974789916
0.09955752212389381
0.7172413793103448
0.7628205128205128
0.8358050847457628
0.7817460317460317
0.3157894736842105
0.11764705882352941
0.09146341463414634
0.13609467455621302
0.7891304347826087
0.7790055248618785
0.24647887323943662
0.7416666666666667
0.7932692307692307
0.592741935483871
0.6782051282051282
0.37681159420289856
0.20054945054945056
0.6458333333333334
0.5063131313131313
0.8758169934640523
0.838150289017341
0.21551724137931033
0.12878787878787878
0.972972972972973
0.5887850467289719
0.595360824742268
0.21212121212121213
0.5833333333333334
0.7094594594594594
0.8317757009345794
0.8625730994152047
0.616822429906542
0.6288659793814433
0.13008130081300814
0.14329268292682926
0.59
0.1064102564102564
0.24583333333333332
0.8722222222222222
0.4367704280155642
0.6290322580645161
0.5664893617021277
0.19954128440366972
0.5652173913043478
0.7995049504950495
0.3244047619047619
0.908203125
0.75
0.057971014492753624
0.5470588235294118
0.5726626016260162
0.6375
0.39285714285714285
0.8382352941176471
0.858
0.8888888888888888
0.87625
0.176056338028169
0.5684210526315789
0.21153846153846154
0.7350746268656716
0.6795454545454546
0.7150145772594753
0.16666666666666666
0.7591240875912408
0.75
0.63125
0.25
0.865546218487395
0.4230769230769231
0.43478260869565216
0.05253623188405797
0.9397321428571429
0.8013513513513514
0.7992700729927007
0.3736842105263158
0.6349431818181818
0.8466494845360825
0.0992063492063492
0.21136363636363636
0.49404761904761907
0.6026490066225165
0.7578864353312302
0.373134328358209
0.7202970297029703
0.47039473684210525
0.3375
0.10779816513761468
0.7845528455284553
0.17268041237113402
0.32971014492753625
0.28091397849462363
0.90625
0.2593220338983051
0.905
0.11241610738255034
0.8109756097560976
0.78
0.7152777777777778
0.8548136645962733
0.08540372670807453
0.863013698630137
0.9154929577464789
0.18233082706766918
0.7089552238805971
0.4552238805970149
0.0830078125
0.13480392156862744
0.6005747126436781
0.7458677685950413
0.8728070175438597
0.12569832402234637
0.865546218487395
0.930327868852459
0.07603686635944701
0.8207142857142857
0.8568548387096774
0.7633136094674556
0.8597222222222223
0.8977272727272727
0.8346153846153846
0.7322834645669292
0.28484848484848485
0.9591836734693877
0.7828947368421053
0.035024154589371984
0.7155172413793104
0.7620087336244541
0.41964285714285715
0.21153846153846154
0.91796875
0.1650485436893204
0.7490421455938697
0.8615384615384616
0.8926380368098159
0.3584905660377358
0.8665540540540541
0.8937282229965157
0.7987421383647799
0.18627450980392157
0.18085106382978725
0.029958677685950414
0.09375
0.6932907348242812
0.8548850574712644
0.10677083333333333
0.7515723270440252
0.744281045751634
0.42021276595744683
0.6716417910447762
0.3072916666666667
0.658203125
0.9202127659574468
0.8485401459854015
0.0691699604743083
0.773109243697479
0.2217741935483871
0.69
0.361731843575419
0.45
0.15315315315315314
0.7632575757575758
0.5421940928270043
0.8421052631578947
0.1885245901639344
0.7105263157894737
0.11323529411764706
0.1056547619047619
0.2942708333333333
0.8698979591836735
0.504885993485342
0.82
0.06880733944954129
0.5016025641025641
0.5433333333333333
0.13992537313432835
0.36627906976744184
0.5071428571428571
0.8423423423423423
0.8470149253731343
0.5531914893617021
0.7604895104895105
0.9302884615384616
0.8055555555555556
0.8448717948717949
0.8356481481481481
0.6444636678200693
0.45365168539325845
0.6766304347826086
0.8253205128205128
0.26515151515151514
0.2462686567164179
0.6813186813186813
0.8118556701030928
0.05244755244755245
0.8316326530612245
0.7426470588235294
0.920863309352518
0.7847222222222222
0.6067708333333334
0.9642857142857143
0.905511811023622
0.4519867549668874
0.8844884488448845
0.8184931506849316
0.8463302752293578
0.8333333333333334
0.8108108108108109
0.932
0.7612951807228916
0.24456521739130435
0.7103960396039604
0.40714285714285714
0.1415929203539823
0.420926517571885
0.8807692307692307
0.4782608695652174
0.8538306451612904
0.8725728155339806
0.5069444444444444
0.5529953917050692
0.10572139303482588
0.6083333333333333
0.20220588235294118
0.9299065420560748
0.9309045226130653
0.9277777777777778
0.8622159090909091
0.6726190476190477
0.12871287128712872
0.3103448275862069
0.7350746268656716
0.6798561151079137
0.13958333333333334
0.8760162601626016
0.282312925170068
0.7873831775700935
0.8663366336633663
0.48201438848920863
0.9131944444444444
0.21341463414634146
0.5260869565217391
0.7387387387387387
0.10054347826086957
0.8290322580645161
0.5602678571428571
0.4117647058823529
0.8154761904761905
0.8960396039603961
0.1475
0.8470149253731343
0.8364779874213837
0.08695652173913043
0.5653409090909091
0.6842105263157895
0.796875
0.8178137651821862
0.5511363636363636
0.6870748299319728
0.4155405405405405
0.6332417582417582
0.06041666666666667
0.6071428571428571
0.165625
0.43805309734513276
0.39093959731543626
0.6122448979591837
0.8298969072164949
0.3732394366197183
0.2869496855345912
0.5615942028985508
0.5098039215686274
0.6331521739130435
0.13271604938271606
0.8196055684454756
0.7519230769230769
0.653169014084507
0.42407407407407405
0.9027777777777778
0.8774509803921569
0.12301587301587301
0.8165760869565217
0.865530303030303
0.16793893129770993
0.9217171717171717
0.22651006711409397
0.16477272727272727
0.8104026845637584
0.53125
0.6272321428571429
0.20618556701030927
0.5905963302752294
0.6614583333333334
0.6875
0.12056737588652482
0.08641975308641975
0.1201923076923077
0.7775862068965518
0.7353603603603603
0.8766233766233766
0.22761194029850745
0.7043269230769231
0.6796875
0.853125
0.17180094786729858
0.7438524590163934
0.7326530612244898
0.23846153846153847
0.2604166666666667
0.5883838383838383
0.7134146341463414
0.8757309941520468
0.5327380952380952
0.6424242424242425
0.5021929824561403
0.4732142857142857
0.10757575757575757
0.80421686746