0	-196.7333333333334	449.7500000000003	-580.4499999999999	2.1862738306085236	1g0y
1	-114.3	344.25	-499.4499999999998	2.2756104519121982	1gl4
2	-268.18333333333334	359.6000000000001	-639.4000000000001	2.2719320200004436	1evt
3	-250.13333333333333	371.25000000000006	-676.7500000000001	1.56239237306468	1wwc
4	-229.54999999999998	465.0	-589.1500000000003	2.0499919275488057	1qz1
5	-213.66666666666663	519.0000000000002	-638.1000000000004	2.588557031539016	1bih
6	-141.66666666666663	198.74999999999994	-490.05	1.9863880579356794	1p53
7	-270.8500000000001	494.0500000000003	-681.9500000000005	2.1022772279768964	1gxe
9	-231.25000000000003	457.50000000000006	-589.4000000000003	1.5935031850350232	1g1c
11	-174.45000000000002	271.59999999999985	-541.0999999999997	2.60903126669492	1xiw
13	-206.46666666666667	292.5	-657.4999999999999	2.4232349893387997	1rhf
14	-216.6	387.5	-617.5	1.9415631180181099	1p7q
15	-175.11666666666667	313.20000000000016	-532.3999999999997	2.17610444159845	1pd6
16	-189.58333333333334	429.00000000000006	-655.7999999999996	1.8772975263583973	1nbq
17	-173.41666666666669	360.1000000000001	-597.4	1.8237846499660437	1t89
18	-229.41666666666669	464.80000000000024	-561.1999999999997	1.4558493821575524	1cs6
19	-184.1	233.55000000000013	-460.6500000000002	2.089543603297209	1evt
20	-210.96666666666664	263.2000000000001	-552.2	2.058921507356541	1bqs
21	-221.30000000000004	364.45000000000016	-684.9499999999997	2.724687048819692	1bqs
22	-183.95000000000002	329.99999999999983	-490.8	2.512239766219113	1p7q
23	-232.8666666666667	343.49999999999983	-474.3	2.452051407967795	1im9
24	-168.59999999999997	231.6000000000001	-444.6	2.215973929483524	1n26
25	-162.76666666666668	424.49999999999983	-644.1500000000001	2.19876373945748	1qz1
26	-162.21666666666664	492.80000000000024	-602.05	2.1524349754881826	1g0y
27	-283.79999999999995	369.00000000000017	-759.1000000000005	2.326734211667112	1ow0
28	-124.99999999999999	282.5000000000001	-388.29999999999984	2.2206093794580073	1sy6
29	-205.74999999999997	526.5000000000002	-671.2	2.3820726499945075	1l6z
30	-187.41666666666663	564.0000000000001	-623.5499999999997	2.1791646517415812	1p53
32	-98.33333333333331	191.99999999999994	-392.24999999999983	2.0675732435641043	1xiw
33	-101.49999999999999	293.5499999999999	-359.8500000000001	2.0141220453066437	1xmw
34	-216.75	528.0	-609.7	1.8080421291508662	1fhg
37	-197.34999999999997	794.5999999999996	-518.5999999999999	2.039851629074276	1p6f
38	-151.09999999999997	303.5999999999998	-627.5999999999996	2.2015916663123187	1bih
39	-121.35	220.3999999999999	-447.4	2.0750276554051195	1qz1
40	-231.39999999999998	427.75	-692.2499999999999	2.101923460588687	1p6f
41	-249.26666666666662	325.35000000000014	-515.7500000000002	2.2608598750239457	1bih
42	-270.2916666666667	274.50000000000006	-739.0499999999997	1.7265172891469054	1im9
43	-282.84999999999997	484.6499999999998	-589.1500000000002	1.8020673691526568	2fcb
44	-166.9666666666667	357.74999999999994	-543.1499999999997	2.1823220103590613	1vsc
46	-131.25	659.9999999999997	-440.39999999999986	2.0413075411143473	1j86
47	-219.96666666666667	328.6000000000001	-634.4	2.313205345257995	1bih
48	-212.71666666666667	277.5	-660.6500000000003	2.008643297953152	1cs6
49	-187.25000000000003	393.6000000000002	-586.0	1.8409661931794	1xau
50	-299.09999999999997	440.10000000000025	-594.7	2.0499216303888708	1j86
51	-288.75	468.75	-643.6500000000003	1.7632865925249466	1t89
52	-91.01666666666667	183.74999999999991	-358.65000000000003	1.7786844462165015	1mq8
53	-197.2	241.6499999999999	-446.05	1.9772217218569321	1cs6
54	-223.49999999999997	262.4500000000001	-562.1499999999997	2.048441949044783	1ow0
