0.7414060291181848
0.7898411560788525
0.476395163915917
0.8892914338327186
0.8098176226484852
0.7272259408233868
0.270287097642078
0.09211230877020277
0.7383544794194138
0.20064246393927668
0.13531682165291806
0.6808506670923339
0.4117521922731493
0.13710285226068777
0.8222172677650018
0.7121096866050557
0.8986547664032513
0.7762988582887584
0.7892862514079105
0.8533560536672326
0.8696074791832344
0.848792195016687
0.75321340726867
0.22771820761732162
0.8653307229379775
0.8499281692156194
0.9044147978386006
0.5948174518491838
0.9270625902369
0.7177797806597661
0.2347158087814173
0.7636490251177522
0.4246174981381328
0.28947456099061786
0.8667423802183034
0.2694307624671755
0.45195828301099483
0.2799630419096042
0.7938011446383417
0.8549613735698446
0.24015165773618302
0.18315449932994887
0.17463983137291006
0.8779044255977159
0.4254997871143652
0.6290963403586124
0.12458901656432916
0.1567121769282576
0.21848307313038398
0.1887216620433603
0.8599644948668065
0.9288711938485755
0.9196371382410643
0.7993608778077153
0.11609188797866085
0.865698501567732
0.785174027645937
0.21823651520843726
0.8832457485652977
0.7166811822578033
0.4500038420830176
0.9248951813726951
0.6434971078144701
0.6422497545195087
0.42719010434239074
0.34737572494909047
0.8571044362754188
0.4310499338526097
0.47969124622562903
0.8415792867605104
0.18698609187393284
0.16952778522159057
0.48737620015454924
0.7478452188985034
0.7102991721863973
0.18123020935130366
0.8206245889504191
0.2916984838648142
0.8464673901132131
0.7992158566418806
0.59250469872883
0.7697886735565741
0.07832315089700144
0.8140114120932931
0.09000556984207746
0.9104403233341346
0.1286823761128454
0.2613855181993748
0.4928457216031469
0.6957586534859573
0.1443055957363088
0.9486581403246143
0.6757378356291013
0.7698319783146101
0.8678100386711831
0.889846278573692
0.7965739296611636
0.8052621960039908
0.13381076008150425
0.1665642254457891
0.7889019101216412
0.9650273283179586
0.48668497238712133
0.42008852169166117
0.6725925454008139
0.9034456946392119
0.8668477956216026
0.23360517088058125
0.146932467897048
0.869054103036133
0.16275438937295392
0.6788292081626733
0.17515034074526323
0.7628674833117997
0.6625720142495961
0.5786930917184397
0.16962318699978615
0.6742054964734034
0.66063042175717
0.1187339710125005
0.3558004587633122
0.3236578814836579
0.8244627552999804
0.8835607457888831
0.11394902560166054
0.7462250118092996
0.3214548955076027
0.904103613598241
0.12037213137063495
0.8971368876863043
0.16732044453440903
0.5453095226113954
0.6012165801474776
0.677880062165099
0.8284513305332787
0.5906136781166835
0.7865062761366979
0.6278843002464363
0.16719290569198483
0.7999675930759089
0.5926035776192196
0.1787272452039681
0.36317928209902156
0.8844260427919387
0.7924888935617757
0.8572359639244873
0.8906440964281449
0.507064511722415
0.3332941401023101
0.8513116511023058
0.9160078211556666
0.20949619669732655
0.12214123368593655
0.844113351499319
0.8895732048583922
0.8216184265042428
0.8530263982261163
0.7393868099541148
0.10308023442203969
0.16664047234173487
0.12345433213196787
0.30735411286946307
0.8136983183799019
0.6652739097511567
0.44266979828732705
0.16144169950137283
0.815211430290085
0.772726945447467
0.8138991342016683
0.8917222844676839
0.6648513451364455
0.34632382320695676
0.179095901680818
0.4519457014440335
0.08626281479800309
0.8629490798757576
0.8180611089571427
0.7798137482134727
0.9140547551315628
0.5603653322902029
0.18282648657578196
0.5128845296421154
0.47409971237717663
0.17385818377604842
0.8776716329837219
0.8790854003361918
0.8540804424495566
0.3212867443394817
0.5402156638247984
0.8895724198336133
0.7463867692949631
0.7716913364458047
0.8073852134452753
0.5968144034719439
0.8710053472154573
0.6621035111035282
0.9175600188090858
0.8779847324738689
0.8389075132950005
0.8608256778167024
0.14236162052355583
0.679179357806594
0.6004420601891411
0.9108275832271334
0.6774435286513962
0.8202027279493679
0.12111521145418663
0.22546936482344365
0.1839645611166011
0.18701292111292359
0.15953465384564108
0.7475664971743882
0.8248249681121651
0.7697103747808745
0.5744884155394485
0.329594294004386
0.14744787387187114
0.7067920168583738
0.8906939046722104
0.5668427254921555
0.8750467893404754
0.09999957719992425
0.7212611061865891
0.8854871325577555
0.9498391123022636
0.11632439973860006
0.367503879623365
0.10299882138954661
0.2457753744517358
0.2103674278584516
0.5904191686896287
0.7667645658183847
0.17365784529509695
0.25173098932485377
0.144124817862968
0.10994551796379352
0.71538474998563
0.1210906655391467
0.9010415098885343
0.8024369350467466
0.8065988135841442
0.10507033025069734
0.6338924615471895
0.43577588853324845
0.2559358836657023
0.13411904565618865
0.12949179687361362
0.13639537342745972
0.823431059634454
0.5054447725921694
0.6070955823497663
0.8240908459209922
0.8551030329980459
0.9440736084493326
0.1607654558147907
0.48313579247940447
0.17312407038164304
0.8123497742316176
0.19054322150612826
0.8110710670494217
0.7587484543430943
0.9237069021134766
0.844016269950582
0.12461537494468915
0.17099457610890237
0.14547074283351835
0.1926716020736022
0.7074978992657376
0.6866828019940161
0.8952121838140492
0.17741631568616228
0.717614242420996
0.7996536161984007
0.841395019592179
0.34194103603378884
0.8998272447795365
0.16827980095581277
0.9203201482923091
0.462399459963971
0.346359706956732
0.8588515050861341
0.13428603148835935
0.7847610136792804
0.20258851785182674
0.590719828092551
0.7901800874732621
0.8704888979650767
0.8884184940466442
0.7639422409604957
0.3515509193241787
0.763350018232663
0.4575705216514132
0.6587582534784232
0.6597137552683813
0.21556875791886557
0.14168931470250085
0.6273610906960244
0.21995273322299205
0.5804344373599293
0.9399915501504682
0.12238292702381137
0.41298829254132474
0.41615301967747764
0.5248479205841277
0.76064045520327
0.7440848861913661
0.6414831234423876
0.3744828527947132
0.9103241132326724
0.8793313248537421
0.1177789151964178
0.5247993163503033
0.24682195572656287
0.4535600678327104
0.3774946939623156
0.9318828377361373
0.9073043736438339
0.1683062604179381
0.7778892394395855
0.16128410328552517
0.6557652050460456
0.8818983726003526
0.919943921826393
0.29163827560316236
0.9455813558716155
0.7783849012545615
0.6506413847392836
0.5867919001607005
0.7497108296604107
0.1070277916326264
0.7830116581906176
0.12657303902801886
0.9205603301820324
0.5897090592405261
0.24669507273600152
0.8989031696754795
0.19045782067966427
0.7465138110618298
0.1891773541061157
0.5512133370098778
0.8144408420722451
0.3131757132702928
0.7871650435736398
0.5557981268240233
0.11898279192987819
0.6051330694144483
0.7085635155769273
0.4924970821241196
0.6213923227473932
0.8158411199371305
0.2261987265607481
0.8988375115203249
0.5660560787010664
0.7622970745164158
0.13369841553874742
0.870933565133022
0.6612085711057882
0.827540460046347
0.899876928589169
0.4549018606165877
0.137015654217765
0.7413483093642199
0.8825908204920899
0.6422169631416993
0.7067637969142568
0.17058293234109562
0.8515114340360455
0.16696794730384318
0.8935916868999825
0.17775354528539722
0.870755712278103
0.7540597952471121
0.6266425248360894
0.15891406303092281
0.9355468148694737
0.9417153565175531
0.8258136120918923
0.4073747049894618
0.4436003389569068
0.5282592273064467
0.7130210734095473
0.1773591661828699
0.6911152966845587
0.6288883816485507
0.15410993307839652
0.22694174047693186
0.15191666667097184
0.6944451384514294
0.6326049827987924
0.17012538154716558
0.8047286657442398
0.5548710260772901
0.7269428320782783
0.8075610817066288
0.7734373084195616
0.848699726062335
0.06739496271036018
0.9053933655445767
0.8931982057177962
0.8270214534721132
0.6955365263460113
0.5431259954864782
0.3913125653316922
0.282555637272522
0.9175741685875537
0.6271918713587211
0.10729283148474159
0.4294432488935792
0.758500915476915
0.6449864955320358
0.8561822853674641
0.8505379947533941
0.9118943844834025
0.5921616622062659
0.7534516718631892
0.4488894599034943
0.5606048804540883
0.17154374186255386
0.6554219705368552
0.15365273947221533
0.18872233805471758
0.18906248965156283
0.7144113527769366
0.9113843725300034
0.9630862864886327
0.8651315008692434
0.7954084931303216
0.22248580214390148
0.6337750401215505
0.13693587887260925
0.12697464577136416
0.2311837770799631
0.29620468024320623
0.9210254787739804
0.8252128954165526
0.8325826094853004
0.1970340197011063
0.5250145453646148
0.8636222536997255
0.8522305091617438
0.5659100201835161
0.9571327440652472
0.5884305883774719
0.2045171995151032
0.8652632137546685
0.3908031917104333
0.8372271168147117
0.8542492257525826
0.1442821328523245
0.3883735331410178
0.8151702355735757
0.8886764906766387
0.11761588344406006
0.5412880765191564
0.8355855101366512
0.9670721325725775
0.32826774518740504
0.7685886800276512
0.41968716329547584
0.1201432836161086
0.1589693284301491
0.6578513302245946
0.8161637679341794
0.8236235823064042
0.6116569992047922
0.884444123533646
0.7866725772352775
0.9371193651757246
0.8618884192384263
0.9582108934034187
0.3043025113645376
0.8162543838025971
0.9277535794187072
0.8838207368776946
0.9288096298744113
0.5406860332359182
0.7202392173902171
0.6347881896624034
0.8303855068925302
0.9500617852588289
0.5721849988265987
0.7784053319180593
0.1310453827316621
0.7221753563522183
0.46050472075240984
0.10706181813086982
0.12138902216652686
0.14600796239148986
0.27200001675489094
0.7020528356673132
0.7509735763040275
0.7691768306864101
0.9174541453837131
0.6413874298507428
0.8831992010660564
0.9701892601958284
0.8894422282839615
0.5695780871027127
0.8539501386391987
0.6188607642082489
0.7218291420982585
0.8826180403979342
0.38158343200151595
0.7513014279300173
0.10637595850423485
0.5306605123452004
0.15429498161402916
0.8981998169716038
0.07714812008358557
0.8674846829060717
0.4333215717084925
0.19245758682743472
0.44588781840686903
0.6825961793255741
0.1582800016667145
0.18908548409788098
0.8915126890690895
0.28950255442194966
0.29625330037691805
0.8055707259142666
0.6027845471118756
0.9494994724936046
0.7207335750642357
0.5957541741860257
0.8747862937697697
0.13661726164662058
0.8710766468494247
0.1523871171019129
0.7651226756597895
0.10847255616703505
0.15480120598770064
0.13014474997607317
0.6554665845654688
0.8993491748106525
0.885276914846189
0.4503262576279911
0.7070173833748822
0.8276129510826445
0.14740997203417802
0.9088575926998165
0.11219249930755447
0.2288002133635783
0.2249628797981854
0.18875227755685298
0.6783912594108223
0.9432896526500947
0.841938718161277
0.15418068386973338
0.14306685398722585
0.8887329098643952
0.620603828253392
0.8017175542989439
0.7259273527188642
0.9036245894747021
0.21853863520811018
0.22830888845763062
0.7522072711254407
0.1430724308104816
0.768221570579086
0.9432094088701866
0.8705633966132077
0.22393166867198205
0.38381268644641425
0.8839730554783459
0.7472562619106419
0.9254827227905446
0.6981173099657377
0.7086308591143897
0.6114569626117624
0.476175631722883
0.7989853142764175
0.9308230534897947
0.9230499824820865
0.8717818524677702
0.889930200691153
0.715253775555405
0.14374604891461795
0.6662932014573395
0.7606643214278158
0.2890885240256741
0.419945353323118
0.36489794877303433
0.39880414525548435
0.5624593725581382
0.7203917470726238
0.628848992921992
0.6081487929246964
0.1010048698839173
0.28561561926565693
0.24173925829361834
0.7803967162516501
0.2394139946382671
0.5077791996038865
0.8670444568852073
0.8190166253767893
0.19465986287694126
0.7883719611981567
0.820794449110239
0.1681128518611875
0.7923949150371279
0.4205732567659671
0.8072286944949201
0.7413595715049643
0.21616598784963476
0.7626181768100121
0.2906533624537471
0.14021379871894915
0.5777978163155612
0.48567270914711275
0.1672356098644945
0.5905982185203796
0.48946935039722833
0.15228195617850923
0.7428694643175793
0.37779812766188864
0.7758359440358551
0.9248053182132184
0.10683447978240591
0.11862566516309478
0.7930725801213261
0.5962890251795638
0.16208099330135742
0.11726854414266887
0.41570750896049014
0.7251212307209246
0.9026891704147068
0.12830801951467558
0.16036751252246972
0.46820716574256016
0.28109110805876086
0.8055896465257276
0.5878397368918991
0.9274955402526263
0.6533837581494808
0.6340933752556972
0.1447089885461768
0.5155129726185682
0.10567048177885148
0.5114664311057362
0.8714161946311478
0.8832713953777743
0.7458079980459633
0.13111731055049186
0.6374023359537332
0.7846900228464923
0.7067295001158006
0.6903690932827199
0.15256360863611876
0.7667331607414721
0.14611927288336773
0.48388607043342985
0.922020734055613
0.9481567026909709
0.788375139247464
0.16387151445608344
0.09369608102943802
0.2720168757401078
0.9122132339481941
0.0998532590006733
0.06071557970276534
0.6885324799283938
0.5721170628921443
0.15827247174554165
0.8652077366464861
0.11838732677228617
0.1665178338317379
0.810953069996594
0.4002174246955174
0.8523580693486829
0.731803520095246
0.6603671255069979
0.1676845393084494
0.6600765494059696
0.1478158577941333
0.9503330998192454
0.6522072571741792
0.6833354560622208
0.7967574423688943
0.9092464846621261
0.7864375326561321
0.8903640544460837
0.7129136565104317
0.5334864783304278
0.9137293416496858
0.6562171862636894
0.34793902799273374
0.823950331687261
0.7759676975441748
0.15603852246029118
0.18307170270400452
0.708128705862968
0.7959139213656586
0.4975444557064686
0.24194633492313927
0.8632185071595917
0.6793460975117229
0.8573811580955576
0.8621443733340141
0.1045477309548433
0.7729987739358989
0.8687169924103388
0.19858093003792981
0.6328288240894764
0.49147233562419795
0.09490647414781796
0.20506699709101375
0.9201190467150019
0.5613641215631747
0.16662096572354634
0.9197860476445496
0.6142734673725074
0.8353610586329857
0.12019238334948039
0.8392360145798643
0.7104393429008502
0.43160735519748905
0.7189122306397877
0.19382376391494505
0.4967964417222282
0.9103821633170837
0.16218360685093255
0.7879762742770029
0.6921921664361844
0.5553337643550842
0.9231077248384421
0.5840649986897185
0.16096805704606518
0.8482770316125691
0.7141036874769726
0.8384595378079848
0.47054794883922346
0.9156973394553435
0.24767178646554383
0.8768162186524904
0.25558207394561766
0.7419414237799203
0.7456944199360775
0.8830068329214122
0.6899752151211892
0.7787073346802545
0.8162651551133384
0.9049583045580836
0.6533902908305501
0.5469418557192095
0.13282202973897111
0.5237788990528944
0.9412295569496433
0.4443943413332013
0.8728323763850867
0.1785569026947801
0.3709404751939549
0.8417099596430361
0.8894061866078803
0.7676553065527066
0.7116192487638127
0.42557678598129484
0.8760074770006261
0.9447094417575354
0.8517814035966527
0.7242372117084372
0.8216877384015134
0.21974332824884432
0.5062569501044345
0.9645484046652166
0.5644498030818297
0.9022074384576451
0.6547278441040854
0.6962150846779382
0.43439278081890614
0.17042158102645513
0.8504771383709233
0.253432486861897
0.8397035048384511
0.4705414771236257
0.897320364787466
0.5771234501314851
0.6342823727944521
0.20886706032748042
0.09171855007487746
0.8757939074934583
0.7396552349019953
0.9393197219585542
0.12935005065759828
0.6876118639229603
0.3551796148592262
0.9358006820058391
0.7537352486869527
0.9512650113712618
0.7032405812567615
0.6261717526500757
0.17079197903166807
0.1901553750347817
0.9224308657160909
0.08224120995219336
0.918207975183295
0.8719940030495479
0.14283299676689887
0.12904085977372856
0.9410137301306234
0.7697180389854025
0.6410424050322348
0.6777602118619946
0.655914305074758
0.8973092258079174
0.19712490219222986
0.9243941523873628
0.5051383317268234
0.5903260075662913
0.7030227859593884
0.4517515133521632
0.12760858463338381
0.1852256574115656
0.7962128457140755
0.143984608256365
0.12302272221266283
0.9082671361215121
0.83539404117767
0.15399918551919697
0.17038194668988604
0.48562121489923704
0.6650609506681397
0.6912650038640481
0.19616602208958567
0.7540231082077381
0.4433744324923275
0.9167565566793927
0.13234648657858725
0.17444837388182133
0.7153446872495267
0.8113398865277818
0.6733440215602077
0.8445964049360863
0.1702613639363309
0.06258880328813347
0.1693600959365838
0.7220810822454157
0.9062678563494027
0.5206681109350861
0.7560915836827243
0.08690802965321731
0.8844164277181
0.7605441388844435
0.8249519855575645
0.8273211006249969
0.4265178893371873
0.825836313075561
0.20745988025122863
0.8396582405383802
0.652597758070174
0.8547640225561762
0.8829681628152447
0.8632486905392148
0.64198083714511
0.14793667718916526
0.7621522249620521
0.7547844518103336
0.8758816253497252
0.8809092494098301
0.9503019674711063
0.7940920631416084
0.06210872687325492
0.8364870486404545
0.620631898620878
0.11306171066970176
0.64606737238239
0.7727003350882977
0.7752064517418549
0.10544041846638655
0.8957941617552561
0.7973655691234717
0.45763911331265045
0.7503422842182469
0.1539280411633547
0.7562128520207319
0.4583782586390754
0.8487768760206508
0.14187805970234302
0.46716810551359733
0.904756271338589
0.8376527769920458
0.6614051070259523
0.17357441886597982
0.1149611216867671
0.5359116801315118
0.4642662450106909
0.12852180591243612
0.7085011335314029
0.8769693152512265
0.44526456952282834
0.13738808805648242
0.8815225487783509
0.20873709757510303
0.14088247647001245
0.11717912510109987
0.17615053597002062
0.19845837185620252
0.8702626697678655
0.7342321025491992
0.6474319454750194
0.8864320793384755
0.7516888854647228
0.17108913826197109
0.17014106521820682
0.49992569824263805
0.9393446096974232
0.7692405099734217
0.6883378871909623
0.6101464499501443
0.4675293360064199
0.737541239947076
0.8197939367170612
0.15725344698758362
0.8980351142811434
0.21762116553222688
0.6109338419539632
0.8130778855541635
0.10927412158316929
0.9512318991138717
0.9437670522629408
0.896808833322307
0.9165097322401811
0.8679659908636754
0.9434303229542231
0.0860339882943092
0.7682533547143171
0.11907981073287378
0.9444000895450525
0.6564240266420442
0.8998848668026638
0.1346956886147175
0.9262315805708226
0.462095005920322
0.9265173405771231
0.30329447799477605
0.9301967059408847
0.6143091181826917
0.9723201386068566
0.19335609083372254
0.10852585824914109
0.8964012472677778
0.8935991028946418
0.8297587142398039
0.5307795644927671
0.7422879762353523
0.15695007921664156
0.7239299141956989
0.11724474147935803
0.13721768854825572
0.29261015851482175
0.7125846108607855
0.16207402118902658
0.7292887159713154
0.17238482277803302
0.7878500966642149
0.15804127137789126
0.14606775859136698
0.9261151841367461
0.7882982307714268
0.791791953519574
0.1611872796027282
0.10736746744364416
0.7203860084345848
0.7211200159642758
0.4243469496059499
0.6452435699434953
0.9178860461519094
0.5382175378074274
0.11294208889272914
0.9068953036371359
0.15283126142763878
0.8105325571433846
0.5789835856767134
0.6915170088865571
0.6384504105882546
0.20054047690279983
0.7943199706100753
0.1549030473531345
0.871710064389863
0.8124076956154945
0.521060210948483
0.7885708902968763
0.21948869935623752
0.5288184671422341
0.8477910721063838
0.6786767826481873
0.11927424025911748
0.9180905437450381
0.2662639409640475
0.8067758018983346
0.9216107630923704
0.188168990227835
0.13675273107871175
0.9264553490951757
0.21886478641242074
0.8353037777064339
0.8264207413700738
0.15450078908885717
0.2959152954659367
0.4115655744380435
0.653355712480208
0.7018080515610009
0.14435192709056072
0.906392874198521
0.3868440457645492
0.08707580680864573
0.17388090472657605
0.8478759968459592
0.15938176093850207
0.8629674472488557
0.14809932640668524
0.5541036043760587
0.3360363048019624
0.6265951913363037
0.16638696720731244
0.7908279739681554
0.8322863699437764
0.6888326143119223
0.8176999454090936
0.5757422192503774
0.8459396520604013
0.15911826421850195
0.7474566770828003
0.7545001617242638
0.5166509890811426
0.866135250485674
0.7763868077184661
0.75805373004103
0.41385916789462496
0.3650477587923189
0.883809167830376
0.8182293605010059
0.26813508012879406
0.3777663278938895
0.15592442288060687
0.4625476698753844
0.7353156416526091
0.18490372339810937
0.21911872086129955
0.15455968872603681
0.618608611365457
0.8922164412605881
0.8603860399254912
0.8039165218792356
0.10350100622397716
0.10595304279405104
0.15790055837363304
0.40497775504581274
0.6405865027888171
0.12705685085254798
0.11833437598594097
0.6587083046855805
0.8652314283976743
0.5716210773734707
0.81348093412421
0.09131661050269808
0.8173201406694313
0.1090473630237749
0.9253014343950121
0.1278079530519626
0.6370652239040658
0.19705937776545032
0.7089324827422809
0.8459566583880616
0.8743134457291873
0.75781459390246
0.4767715809519305
0.26573243131092983
0.1642083190099293
0.5064635164076987
0.5500579872582627
0.10737872347281054
0.29984513098461596
0.8064716306032592
0.646171883736943
0.7851004529900947
0.4835312512015614
0.07409020409383146
0.16248622022228765
0.8886416444266234
0.48934502048985323
0.5705987457744647
0.7324844745696002
0.7293506430018117
0.16023308066176598
0.29430786633728384
0.7651587460017549
0.43726871344781687
0.8431856156627846
0.7377295400561401
0.7096031957638185
0.6972642521511453
0.1244141991897296
0.19555208008732974
0.3926022322988705
0.7569684776802461
0.9371859319241039
0.7400285923937414
0.9645248005732825
0.14662964172030354
0.866023941323281
0.6157951070209099
0.6559166689668097
0.10130254171045565
0.943113349074567
0.6548672940526995
0.199793395527629
0.12617218115105128
0.8209782812709668
0.7468909202900664
0.3421205489439017
0.16039547153862985
0.8132367214932892
0.1644665703576617
0.7932822665175217
0.681917288260763
0.7149828928197502
0.8828865191199671
0.4090348078534735
0.9298142629233529
0.8476443199320569
0.5975269690707568
0.3087958703450818
0.15990843092819187
0.6619538090024547
0.7571993316858642
0.40671038509932167
0.8180823922084998
0.17661872590755665
0.6516649804051508
0.9073348872153115
0.8356499094606865
0.6638670991272615
0.8996126599104475
0.15011200714317294
0.5825094492764504
0.7853064587220713
0.15759597298663827
0.7885286654829575
0.4742050037044905
0.48939403301144824
0.9032403315188294
0.36754217651654314
0.8449987751388578
0.5801079087739046
0.8355796939997359
0.41946453330008115
0.34062491213138174
0.48097125382311323
0.9337489229165999
0.13910106157128724
0.18665624482520649
0.12734122463976105
0.9241286043969179
0.6156996510010246
0.15997939747257006
0.869317822790875
0.1391250252946388
0.811044434455821
0.732534744070534
0.7103839516058349
0.858946035127851
0.614821488548322
0.0843171418473786
0.10516237307544932
0.7995369127398356
0.16348845803574477
0.14928184477497894
0.5118313575501643
0.7374404847041854
0.7504716292884366
0.15313343078023184
0.39870243094016977
0.538100807073961
0.653527973330723
0.5924759146606329
0.8936380101882929
0.22492032442973148
0.19532762613906682
0.5420254252860236
0.8110623075591376
0.7604663106691367
0.24625932576928786
0.7305300034240753
0.6992062538952915
0.924200015685908
0.6751108897039848
0.2292007270234381
0.8648888695130549
0.7524487854852485
0.917066092542451
0.22028353020649707
0.1788067798008291
0.791061549337592
0.900553854321282
0.864725238198552
0.9148129378504156
0.249291093178377
0.6944851245289311
0.3290045951506518
0.8786498670603676
0.678592321190071
0.7079446118862648
0.2221069475068124
0.6998519511348716
0.6573842265295049
0.13644243920755322
0.05302324987123962
0.780379563269911
0.8640190393089355
0.2948791343560687
0.07920704255789053
0.8370762614257102
0.16885117635937125
0.7095780363511951
0.5946935439785864
0.11097310972274758
0.8919052200104023
0.12462258705298761
0.19376109056666677
0.17157413938021157
0.930358919425097
0.929474647661608
0.5812514994859524
0.19473088034264407
0.7933962333757957
0.7747172352856814
0.059660250669016326
0.6553106362846648
0.6823603632431762
0.7662627495460501
0.16670030192363647
0.8915151067115494
0.18273078314067942
0.9254998512806485
0.6219911757071767
0.5588792457790973
0.24207504627295884
0.8845142457777212
0.12861623122258262
0.8425497511245934
0.5739377213168043
0.10679740840387329
0.7061269565235444
0.6654091547278876
0.8829965072784596
0.8917192230990031
0.7697888199394669
0.1555021632255683
0.8186552390244242
0.6461085857160762
0.6181825406129161
0.9255282482110716
0.9264206971968154
0.8439627671013661
0.19174789866024505
0.22934496478851532
0.7778503047453689
0.8842305716518015
0.786035449173738
0.09590006068550277
0.9094890109669648
0.41491111214937515
0.18116833682236433
0.885541169462855
0.8535379210407541
0.4292830206229834
0.6121712118017179
0.11818602770182673
0.8912347459089158
0.8880635630954599
0.9013703985914114
0.7029452328348355
0.19165301825154024
0.8308700809934417
0.47406632878152166
0.7326514021910985
0.7828525437328578
0.6671012511601215
0.7824630638995294
0.48508674837033566
0.9426606396490778
0.3191144444770289
0.0658750295736416
0.8373440355208512
0.7809436506399114
0.3971706989029996
0.7232706565592352
0.14735142413834376
0.800185529935534
0.2631045857754169
0.7858231372391632
0.8251756136714671
0.31256637729636166
0.7254420566695549
0.630399412590523
0.9023616214869642
0.144573071158618
0.8179170122142029
0.9378375009445102
0.19736561985561582
0.1856235962621472
0.8833705383796245
0.803468417446829
0.7826223760800327
0.474294560500176
0.8739424281789245
0.7247495376287467
0.652969841904084
0.6162050030416494
0.42639235910649936
0.49715678896954096
0.4607834954309473
0.7866826873290858
0.9055933052144187
0.7362527243420456
0.8873158616323824
0.7640111548229152
0.15202170265715195
0.7658230479107615
0.7284583910941782
0.15019168340977357
0.7873887170504023
0.17218320042076335
0.21387293254194029
0.9462227617379111
0.9144346199593293
0.47205635149311026
0.7116390218305392
0.043036298043127065
0.3767312293165822
0.13789815539019165
0.10518718877340531
0.8570840440925184
0.15908872116903996
0.28904397291725714
0.49107192915047604
0.8861981632443269
0.08144755977294757
0.8926122322998514
0.8542229551778968
0.5901577183701755
0.1390014627276565
0.6448214384251398
0.7609839670314326
0.452436550191596
0.8044613953872771
0.20860421971323465
0.5459068982543102
0.8558609067558876
0.5906679843733796
0.886119410355357
0.7241029267504486
0.08765286052649358
0.720825809786357
0.4198698471340129
0.5123576139222912
0.6654548908008941
0.9219299171150093
0.8823386912687052
0.8494121105423013
0.5374625283111402
0.8586642853065198
0.40474258630398846
0.8278220049261781
0.1482401123451575
0.8823958617252987
0.9151726996845189
0.8595825631710498
0.16064130041323696
0.1497093551162943
0.07213739867346895
0.16358175752628126
0.5072042309133812
0.8983075525352181
0.4357304292841671
0.7571926410405706
0.08909108769425673
0.6873134993698359
0.8161973889076465
0.5105347935049831
0.8353652802344383
0.7230886323404017
0.19082164889347192
0.1117876080619806
0.881612141271772
0.7303525692832334
0.8908204325999718
0.5901629810123125
0.8081192825123207
0.5390290990789758
0.7426311580287484
0.8843995036963487
0.18103817766316072
0.13299778162216092
0.804207894010471
0.6565104187103793
0.8021205663198239
0.08869788777104945
0.8747773134210443
0.8383302155114234
0.578084515877634
0.7951905149252997
0.5665026124897323
0.5799756192898763
0.6108892821862569
0.818392540535701
0.7853543679291571
0.161526164335689
0.6666151127718439
0.6222314183375741
0.8282921569708963
0.2214446818637568
0.6689879590031651
0.7703109900417794
0.5529754812455409
0.6098109389337636
0.23333756872137598
0.7290970023902685
0.5744026123220661
0.9149713806253053
0.7878933890123216
0.34227670264255705
0.1370168894482612
0.5785249951496128
0.8565817889885025
0.758605893995099
0.6871673246783913
0.9484628746164224
0.5378335127628276
0.38223423538998047
0.7058809837929787
0.6878554938228698
0.13082932634192931
0.16590143130608534
0.6794732638008656
0.8901976293662025
0.4770480862689576
0.3488345327615838
0.5517639604614395
0.7471590068156452
0.7152389872024284
0.7370650710608614
0.06017400376193687
0.5084426969226802
0.5762025915526864
0.9184281792683203
0.15215392501083125
0.8798166359328328
0.1562644627922989
0.23330605498459211
0.18350985461269956
0.184135344970436
0.603503700620322
0.7519839198437536
0.12572855205605094
0.2377821844435071
0.7378971140125332
0.5662339591091294
0.7138754152950102
0.13860142738711814
0.562790501409836
0.1610326435344236
0.6242418495541253
0.9014168117529165
0.8473303179204716
0.5417000351584186
0.46967619523691045
0.11225742455551688
0.8342400486466528
0.8222689781575969
0.7769180405412137
0.20714625888535174
0.2519242932678469
0.09916550373635892
0.9434204299985283
0.6352955764041843
0.6365525069841828
0.8177152256353438
0.791561271099335
0.6821170791098641
0.8704502573583152
0.9379824910400097
0.22580272082739453
0.11170916215131436
0.889883545434052
0.8963498721847224
0.7420687801358339
0.7667090957341126
0.7045902263116708
0.1687667659255389
0.7809938218314367
0.8568712315368379
0.1899606932900667
0.6549427152804783
0.8673544270946665
0.18929203162493352
0.16825391292979683
0.8130399997514913
0.852433406009308
0.48965041484301947
0.1781923011308175
0.6535745773936238
0.7514692014074693
0.16418561794018793
0.9454669207588597
0.15784478348493286
0.8502163354181211
0.6468810935208613
0.46599699548954754
0.41827396551030277
0.7594719363501383
0.8115938688991313
0.8134334230608442
0.8431288455919995
0.7636680515193054
0.724348705843592
0.7481066159413913
0.7279080196436517
0.7645698756801516
0.8225707156160866
0.9256752682758078
0.7861558842017745
0.947288537619393
0.15564583915848343
0.8868643383183045
0.8332150743100359
0.9268285760914582
0.722692717383879
0.15797798040887281
0.7168948816173859
0.6794689307606404
0.8512854228576063
0.567935123762147
0.65509866587586
0.7805150214128379
0.8106734247107924
0.12644183967424474
0.46060033539459183
0.8567669760470703
0.38878338100205706
0.166887488843929
0.8693152484963421
0.8303477433953188
0.1988110788166337
0.5488213214242865
0.897558549583394
0.5699511129261886
0.9278946895106557
0.8112713690570243
0.1620770439047382
0.732106152506206
0.13093490965642282
0.6014964773256185
0.1490854373361469
0.14025407055591055
0.2893993540082594
0.17344068876919713
0.2894742625805312
0.15615113751430673
0.8733656284622011
0.3323478864399371
0.13761132215276822
0.8670394862712525
0.18940774167092556
0.4421748647150614
0.9239017999454189
0.8545100933956201
0.19961120087775175
0.6668596200078329
0.9731755904109826
0.7176149384468161
0.29555374051865796
0.7297988764250609
0.876167085875339
0.8328864276090945
0.954951457597612
0.6535647617284768
0.4844092272916764
0.4904914702845053
0.8597170755363578
0.7245494152366418
0.8601300714255204
0.20547442618956752
0.1611828358232065
0.19954254145359218
0.648893158235229
0.11582327252623639
0.6041062977481585
0.7421370744015426
0.34960695547805004
0.5727048463340112
0.6680099242366951
0.26969865834739964
0.23776566192515794
0.7326288343055246
0.3185470081148052
0.573301636918793
0.13864468618841883
0.7124724714947667
0.6729012500116898
0.8545970388155576
0.3281773603800599
0.9464914963425192
0.8136020550496472
0.17596813807271067
0.7616006964684467
0.38178441945187624
0.6289341078339644
0.7978415258177195
0.6415964831251364
0.781194785834718
0.18940581701706496
0.6474876724925066
0.8008097222714882
0.8622231431391735
0.8812314318920449
0.2466685181727688
0.5816822631098396
0.6192244853013648
0.13890304929015027
0.6210387478545757
0.7862269667860583
0.15904592379982305
0.9020577591828914
0.11565266658260295
0.15327052350707762
0.9419528211432446
0.34898134472106634
0.8213080220283993
0.13343712509309708
0.6476223492828598
0.895414321931458
0.9187951640784439
0.7583504979545845
0.8275701898705148
0.7123971109986573
0.7947666872033861
0.17159744336032312
0.17406587174918733
0.17421395111747348
0.5582742966210151
0.9509727203042745
0.17865845331691282
0.9562357630089462
0.17478587155020556
0.9622204287455313
0.2748753548368948
0.42743544844300035
0.7043510984489949
0.9441466813788765
0.8653095465782293
0.8043427089055208
0.8764985959253788
0.8174464195429337
0.1792362928362339
0.8115126516076212
0.7224540069059666
0.2572438035178077
0.12312985552569733
0.4150137570677761
0.919335293396306
0.7764549840962888
0.18283248648114514
0.6098606823966927
0.8417068260071363
0.8311695883154114
0.42191792772963627
0.8872530932059056
0.5175334855159229
0.6602145740491369
0.17310812889171573
0.7720557065610679
0.5959607657821253
0.76733934541769
0.9464044399946866
0.7963354146028925
0.17351097281461084
0.8959531425462047
0.14009856598678186
0.7962548849230205
0.16221208277728963
0.1946844857357955
0.7936353728492609
0.4954469102456397
0.45831354905659
0.23864261878331847
0.14709728563801025
0.21095155043328453
0.8832189564159847
0.7040531477392926
0.13668229263783913
0.18886172889100686
0.7891343548548382
0.20642635199804799
0.9186843764532314
0.6652540699935139
0.8004255871369886
0.8745522005989029
0.14670729991293766
0.11461180471745894
0.838695457849904
0.9285520155632597
0.7724569017616768
0.7053824832762675
0.8876794386527238
0.8652374144119452
0.8344669756296812
0.18603824155456247
0.14539630741167459
0.3953821766784052
0.3180017528377981
0.9118065838517573
0.17807055034619593
0.1353158742720395
0.18181821688751226
0.18314484987288923
0.18029442405687937
0.5653559487979385
0.6630555572028742
0.18488559015728198
0.5948418068042213
0.5805897798411772
0.20883567115837573
0.12100658590230101
0.6627827815430349
0.16304419083569674
0.5841749500391782
0.7985745331888222
0.18816286681368422
0.8900827427396619
0.15192918619564375
0.12726709134756503
0.6296250093122152
0.8932873997284819
0.17976496318094518
0.7648117046891648
0.539533189161407
0.845681764724964
0.8012446482023183
0.42659892170014746
0.8343233152581473
0.8560475675311905
0.32741706362311984
0.17296891385169968
0.8317203001687407
0.1939492167094951
0.15651103655113727
0.33050585600532245
0.10925113410359014
0.16201613107344975
0.5591056704734833
0.6731367103701305
0.7042765553466792
0.6361868902508159
0.4768352199024748
0.8346906214515537
0.8468278214750029
0.6814363751893969
0.9118939612342621
0.7517447790432817
0.46304304038568833
0.6895631950746285
0.9655780030480657
0.7426313368870783
0.8683745612607607
0.18555380218043546
0.792493668886142
0.12490309752173487
0.8918604537477826
0.46704864296137205
0.6054851994723964
0.9242247979987398
0.6277941953015244
0.16774725880241842
0.8322916569723964
0.1710182588476573
0.8269865067667996
0.1643925198476592
0.07951105803902084
0.3021896256159802
0.25951738619092873
0.6808372580995662
0.14706624963706952
0.17452995839716537
0.6394009364547758
0.8784249941263448
0.4311560913084908
0.15995540164361324
0.3033106539756241
0.1460715274058721
0.7396616371922611
0.7794796151042909
0.9475369908004861
0.6814213440645764
0.9102132519313326
0.10353409822689524
0.5558876829584602
0.7294979272541208
0.18998994546068704
0.7794524656643942
0.47147488127608483
0.9593040820617792
0.8561561463053351
0.4942588316376737
0.8423287722058937
0.7555553713243744
0.4878088976020421
0.6699336074969487
0.8431106205799749
0.19145925843673
0.912207023008968
0.21337784926078876
0.7185234529529708
0.42301052700237946
0.887740425116736
0.22515857441160347
0.7161606793370228
0.2715004605452065
0.7977173903663674
0.1914570933479696
0.8421111067508767
0.5321441779285832
0.8411611266179593
0.9472597464749588
0.20526319826159653
0.17826834663532654
0.16135734474072522
0.822283498456296
0.5477443987264885
0.9072613820987646
0.667979479350541
0.7555477069016335
0.24027091797852035
0.06594775985424041
0.6629804840957663
0.8014064693820047
0.6077609769549449
0.6661645053621735
0.7246097667734551
0.7693748448062141
0.877739418845483
0.8580080681546716
0.30963207882279753
0.6388838792337806
0.2046649262342514
0.44579859179046866
0.5784446419595297
0.6533111757471871
0.9268634925180333
0.9271241282039466
0.9212229110249153
0.5223549015340703
0.5543129521659296
0.6760427911143955
0.36380019362824983
0.14603610707147524
0.4788213293847411
0.13616146303088356
0.9492930514137603
0.8761623464954408
0.8325763674749554
0.8914587182686855
0.6833805964747688
0.3897948679613366
0.17594411049667444
0.952318192006101
0.7453375224490739
0.6029660414212452
0.5371054498047125
0.8733550487110552
0.9614261289795868
0.5503271633531354
0.23369065082608817
0.4274284226257173
0.890870488810897
0.8675307079891136
0.6296266080737329
0.15240489046563704
0.5512366902993233
0.7632466727351804
0.18792693606484304
0.6867144825704677
0.1131954584630901
0.7650780670854708
0.8187839358617728
0.9141818857536896
0.933016107013473
0.7104832867533473
0.2065272573912156
0.9476357562200748
0.11762184256805593
0.15456077302734988
0.7799532451965181
0.8439174824283284
0.5821646711146865
0.6635021612083842
0.8630751424371554
0.5062575395844193
0.9055948910928922
0.8315537057310918
0.1408164700994139
0.8456862818117813
0.8988206566243644
0.496941902534304
0.14807823668316705
0.20913233261820388
0.8943526425656675
0.09575441379949624
0.7459611438757262
0.4410828159029905
0.3786823880338919
0.7471013066715487
0.8544488795619521
0.9532308933120734
0.8692138092315205
0.7038793716382872
0.08286140319524363
0.7933210194786635
0.6947121193161815
0.7193409825498407
0.6459332896881638
0.7315296049721991
0.52252988451421
0.45747690478437814
0.22019196390275872
0.5656177727738675
0.8987681162554237
0.8650594935368963
0.7436106834534042
0.18562916956591927
0.6406697554356106
0.6675621978059687
0.8900146867554533
0.8341011985176933
0.8068525504538262
0.8220684370160949
0.5989884333506891
0.6900468839903587
0.5172594817643724
0.7317572459825104
0.38017646780503356
0.3833172052504728
0.1189269075879965
0.24895914244067235
0.8760104015685483
0.1792111234049273
0.37564864786738383
0.667965853966368
0.7214550747774743
0.92022957016105
0.5694330862310042
0.699573424922216
0.818801555192099
0.19809327937272386
0.6430999997732582
0.19366174711423625
0.5186717702086948
0.8837405600299568
0.43707038442639184
0.9049216774908849
0.8754993373016271
0.410114475619725
0.8742410661233406
0.089787578699729
0.09755157726726343
0.928856265314337
0.8338573402359124
0.05322016740781133
0.6272141746311124
0.7297878073183258
0.10593744887923134
0.37267365089466814
0.29834181114866176
0.8449655057927831
0.6054203959011409
0.7852499684583871
0.17349360570989691
0.21492391322969498
0.9192716578287133
0.8265063571062267
0.8707647001162131
0.47473529630723155
0.34869161583688335
0.15710073296926907
0.7344914624711064
0.17846535366078897
0.1609852806404152
0.687670602703251
0.841856816051457
0.1436542702006127
0.9370981246583568
0.8225895037759604
0.5937401976959422
0.13228131384976488
0.12479764189155863
0.23932822720688854
0.6575727957543086
0.43384577269250496
0.10908437905190978
0.15945860337101203
0.11419298179457371
0.7506684785554691
0.7174247987196954
0.2460473078058477
0.6613332150437677
0.11710083461885758
0.8598587829849282
0.17140805602524156
0.8559150558869805
0.3461989677422849
0.37217919724354004
0.6664447587369237
0.6921835128312853
0.840490190201173
0.6195459540052546
0.19625149656375887
0.8200219505872061
0.8771261976547166
0.1832866062715182
0.8006792755821387
0.9362329638561561
0.162063792372877
0.8238928540800848
0.11731770555052068
0.919454623476071
0.9064680657401047
0.8276158402612712
0.15591711016220033
0.09729474020697439
0.1700748641865249
0.4921510301698594
0.5389695138155254
0.1283977216787994
0.6946222024748524
0.16222592321786394
0.14692291329760035
0.5491432326740268
0.7727209389669746
0.859068689449555
0.8854421766662852
0.20272831465659444
0.17939504895799369
0.8387789721758226
0.8374857623676571
0.4708842699232858
0.7428877850621675
0.23938662258334223
0.8250380974262115
0.7776138000434206
0.7637392454250307
0.8902759080780689
0.6640118970352257
0.6617808845060642
0.7176318014900828
0.3722744992875249
0.9050375396787353
0.12182178599424047
0.8492005594527677
0.8599820482565067
0.7449597319674256
0.7673590747488074
0.5158597203877622
0.7608390790191971
0.15431042441775197
0.6322252718390685
0.6564409371044035
0.6891055899885633
0.6511341016930546
0.5481517238727237
0.27838173384461284
0.44916169102878517
0.8505964477423694
0.23668661396778803
0.16016650437839713
0.1620386578054448
0.882092760934124
0.6688340277110878
0.17243225728649192
0.8981614958430224
0.8126101038178501
0.7288689466527605
0.9275143771825476
0.23933367239120645
0.9310774477719455
0.7007656968820946
0.7367015134611847
0.6316896977118178
0.5988081989625877
0.8954035172958844
0.4610241471656594
0.47367049845427006
0.4598304561712678
0.7537869143259776
0.7543917102079144
0.5925702595150937
0.20297118065855937
0.8449664540861824
0.5741852980868115
0.5449325647744843
0.14342659457351292
0.4663197459539281
0.8709831702761347
0.20556524508451055
0.8225442424016527
0.13092891694722886
0.8974232683662048
0.8473469271756199
0.5858131064178773
0.8317466443712747
0.8738820495691816
0.687897340097974
0.8936201653882055
0.9174333875568147
0.19809475201624993
0.11745001852574617
0.7002087809383916
0.8085142257868673
0.8795280787413914
0.622240871650723
0.16659843948453498
0.14302632392568573
0.9069769007473362
0.906152718917811
0.38419195403873424
0.11107261172481825
0.09700750270280105
0.3308269467001271
0.4447122523643435
0.5696330989186273
0.3183901099874404
0.12179089689347979
0.6019900757548086
0.1420408202741276
0.7298860676332196
0.7229231639439887
0.44009101962480685
0.6455952929113555
0.6342975180324621
0.8573151371729247
0.1347315322565991
0.6998859938536294
0.6425044172589264
0.8800703917154487
0.1474122079017959
0.18869240574996649
0.7698999906561657
0.8745377133458946
0.6868899233383
0.9554445732046268
0.18883440643379462
0.7258930317812874
0.15199844495106213
0.8964903422017211
0.9233160494253274
0.5497692681123773
0.815620941012375
0.5932761003165041
0.11799492440872682
0.20310609111587746
0.6503900078324554
0.8332529421624062
0.9497443935020244
0.17468043673284564
0.6135998397063611
0.7881463925368422
0.9484647057987673
0.9461968566642615
0.8979905091954324
0.5404628828709229
0.18605183670001194
0.1735114870884175
0.5587925721621214
0.6911176221801442
0.25062152452355513
0.18763548550201364
0.19760770412372605
0.6467153811075886
0.9495642993453447
0.15273806775585833
0.8899727266820419
0.14042503311332005
0.7394086158259192
0.2541042174688313
0.6424265011281394
0.6918457813603118
0.1698885781489957
0.1649403106696647
0.9288218439319837
0.7778417852438797
0.930366223021436
0.8583291669585936
0.8335512311335734
0.6494760158044384
0.5671039844186838
0.15324972191276784
0.614471042617866
0.9519286586263446
0.8866041378747163
0.9359365535580224
0.47468847688943067
0.7009848583369908
0.6796835222586014
0.6658277095644214
0.849804638080324
0.08338176479991839
0.8517789618278577
0.7288462678703957
0.8717767286679943
0.17393962229594367
0.6029204110374186
0.7725749744248316
0.1737349040498305
0.12399244582005739
0.8465383310295239
0.6094348229978195
0.09597836482741093
0.1549175375513466
0.6243397956268629
0.7758761571576206
0.6000741031079341
0.5244497811622841
0.5299348345514097
0.7278038475720354
0.7190726557670329
0.7888829521506076
0.2709105827501535
0.7040225859291633
0.6390036574718705
0.74832492898263
0.901293829750513
0.7681412678049933
0.5112382873971392
0.7717398827901051
0.3975330368321908
0.5760908872125192
0.688274750677185
0.8862288684698956
0.6640981351849842
0.8432904381831218
0.7688555678139243
0.7441811484524603
0.825855561682202
0.6936810980378799
0.7679159857890869
0.1863799626087648
0.47349911393295185
0.6360367944109203
0.15551607720884458
0.8613652268646721
0.6607697163637215
0.145278105607879
0.9114408763967082
0.6714848464062007
0.3603568372777318
0.3951640211913363
0.25120020187785275
0.15514804062115953
0.13365822226739266
0.8371319922319741
0.17140329202879828
0.8945108055333245
0.7495870080128637
0.09888276946237912
0.8727358935530748
0.20376513973229612
0.16523471333688872
0.8489463952266307
0.680995657908854
0.6673900111165068
0.1577630148381783
0.7311730850466336
0.7072763310295294
0.7519880874996718
0.8199822133258857
0.8817714574643857
0.8853991573706486
0.2307259586360886
0.13426330762476849
0.9434262632521563
0.5503231802847217
0.8617405385107111
0.8891873887873384
0.6410948908706029
0.5986439499481493
0.1371612779153143
0.4396402766791612
0.15462055630951185
0.6182418066481405
0.18418575358820172
0.5494071594483406
0.13464891406424984
0.5855270163958506
0.6101788915407943
0.46467490317234883
0.4002267771069537
0.4931740148417881
0.42190657689629624
0.7835259721125889
0.7728706207408679
0.619243824973848
0.7712273671890734
0.8385278713827983
0.14814705273794082
0.8984132612283299
0.3374517367946334
0.853960300261435
0.85922456162264
0.18408500152959673
0.4813424921935746
0.84073019649373
0.6837084410769747
0.40756792386912055
0.6996734230194491
0.9490001993429265
0.7072017970676798
0.9159213447412808
0.5645602799895166
0.24407283863244605
0.8247869995426503
0.7320194785645351
0.77606765409729
0.6623744884597672
0.1974345539868723
0.5293272532545408
0.5635857828996547
0.9177501314997341
0.8585859032741737
0.950353393815396
0.9649301207389336
0.9283136672620295
0.19415214129316666
0.15229043102586237
0.1741375531798808
0.21362305491568462
0.8731874741817689
0.16418489017500032
0.8410570109877242
0.7034737799907256
0.8166605024187886
0.15327663359712781
0.19861366021989005
0.23098193831412323
0.8916531090200291
0.6881984382554661
0.6312010981572279
0.7943804508251276
0.8467540333834132
0.1647593291639319
0.8812407547768062
0.15195934144252243
0.08111038247629501
0.20206643321726522
0.478361171833616
0.16650386442227352
0.600157817492056
0.9255234557990429
0.7612195499314817
0.671086048742221
0.9499137575522282
0.1898470230481297
0.17310095702357162
0.2653428770105798
0.8935945541130081
0.6328404532414278
0.7361048105947661
0.6884589721741838
0.18686064982535983
0.7158233897716032
0.13476739593394027
0.256949170234802
0.39866023470555584
0.3981218523417768
0.8429656393531578
0.10382580499607835
0.9320316580150894
0.5583999124293723
0.19656753623472512
0.8210347423115868
0.8370175063658928
0.1784215663692255
0.9135646279646799
0.1617618102969065
0.16394743912544815
0.9331709197932992
0.465274947692332
0.6430040766723653
0.8016286458399369
0.9174529525607188
0.9204096133760514
0.7137849133101897
0.8271650696765405
0.14952292981729054
0.7359832847613658
0.650244863069806
0.28211249270230654
0.4699446036704483
0.850197642119222
0.7151586435309789
0.857804116225714
0.7185756477020483
0.2190306252929881
0.7064705844157797
0.16522298604646163
0.280721768743297
0.7964991388847901
0.7969279822471381
0.21369822004866432
0.15517353495865432
0.17800031137401023
0.830573849017634
0.9067595834656982
0.8043159157603809
0.8148342529234297
0.8188564702560311
0.5099887139641097
0.21914218670179247
0.8331494249469987
0.9284884962435733
0.8465201343876858
0.17635420511723154
0.49633264427350743
0.558394859609818
0.8800307247877526
0.5215243364218761
0.7425951721542117
0.08900417048020998
0.8582009515178245
0.896890977704791
0.7018650124936651
0.9655649012950278
0.54041129694858
0.8230902390255314
0.14793320182866898
0.4608921900593346
0.6162253429934117
0.12059523822689347
0.2699521196011134
0.6088887326000497
0.17957982380196583
0.18477219966532632
0.7898053908371518
0.8454446476332289
0.6071456047107802
0.2099116644842438
0.14236391828790973
0.14564894837844686
0.525584247767324
0.5634897295396598
0.1611876881360069
0.9440533176064153
0.6010880568903864
0.6686222078073206
0.8079884102350137
0.6736642840907812
0.7593361615086681
0.3249210198536138
0.16399444746486577
0.8693943149300091
0.13484372262188477
0.19356903821737786
0.9523736465273198
0.286050669820327
0.6171696266383355
0.9079683926347224
0.8353009301298328
0.941367581790777
0.17397881660719694
0.21190493565603294
0.7592633876211203
0.8990889611523926
0.0675538651777991
0.1582891534201843
0.9509409142310137
0.22966788421230838
0.893159711094901
0.7497686704525975
0.9089795823527662
0.12093579927658875
0.8356698352028528
0.8404346042171311
0.18911374470588455
0.8450592052358978
0.9348318526424614
0.8075846592175552
0.9187403141132332
0.6910540463097924
0.6973083392640456
0.22258899533191853
0.11326924751983637
0.898949459380092
0.2540499740326785
0.7355466152393285
0.23462487252000394
0.5035133349392913
0.9162237385347832
0.15955175440798192
0.6017785951431266
0.708628894127605
0.09774823020938912
0.7521615689505791
0.20083214881784928
0.9323091976170853
0.1683593565670888
0.9345594250114337
0.17920904642337043
0.7536155793481139
0.17310498583013445
0.5073904081775069
0.8936553503466986
0.15454374832918688
0.938503756950564
0.8642414553489758
0.2853179440603744
0.13836392856937924
0.13072584657403247
0.17356893710423363
0.6163731719532143
0.9192876084551078
0.8804660408591941
0.6624629800671789
0.637714058864414
0.8108712548426847
0.12517556532398097
0.8216248980918877
0.19469246353677877
0.13887631927476918
0.6525235496582898
0.23542478948936085
0.1394064482675142
0.9209896322311043
0.7165226637662787
0.16991765003362225
0.4999416233800613
0.8861542418590731
0.8540474680291822
0.11729236501304756
0.8946835149635669
0.9251118699082638
0.6350372956992447
0.8032963591713896
0.8097695104401224
0.8918545877818873
0.9396863841263056
0.8636404267839053
0.8143943507903255
0.9025313863330906
0.6791645320727776
0.10551421145127518
0.773082613753295
0.7052576142628456
0.8115606631441301
0.8250259046822475
0.1518534636388812
0.9091122738705607
0.9710525258508119
0.08141207069360178
0.8469490787526756
0.17254672141531535
0.5254185168024935
0.7137040545314565
0.9359404132546503
0.16109872503589173
0.9459861809256506
0.8727593763097993
0.5819551773997405
0.8112834509265133
0.9058815731531734
0.202408881360478
0.8508507652589437
0.16761361668776434
0.423044996238922
0.6965893691492295
0.8265450436730907
0.8533131349470012
0.9355819240752562
0.9041123381867895
0.8847855898911271
0.7734753251702282
0.15652892342493152
0.15165218064812597
0.9158235665940073
0.15770681292674504
0.7151080547802143
0.9323805797124061
0.8034666198477105
0.21317643507711717
0.8159798341319952
0.4967963683519271
0.8105805800768632
0.7431341839068905
0.5584618133961229
0.8210902562589977
0.2827638909631089
0.9156817726819338
0.27708880501168653
0.7083959879826939
0.7589966048903415
0.6548578960476575
0.18615126121120518
0.8476758073238758
0.6074679368928421
0.22368951419532365
0.212255946250246
0.9023679454597594
0.89421212684474
0.09792727047316159
0.8783886228396565
0.18933245312921762
0.18182890085231565
0.8101427841933377
0.4211026553738618
0.15581177350405295
0.25389446955305334
0.1523155411985415
0.6720316063055629
0.9196766373832272
0.13660843748232526
0.20311312243718735
0.16023527575410207
0.519404122864473
0.33922162702295344
0.17074154767010127
0.8619559288637673
0.9308771941390427
0.9217456787415691
0.9297323710347628
0.24752504825098115
0.13595486590461223
0.7418296547381544
0.45143394709093004
0.16011573042025876
0.8045302763398327
0.822529208755279
0.29803675026553633
0.9455537121609952
0.8075462146874827
0.45673684007917387
0.3795829436577152
0.7815947775573391
0.19514381246979723
0.9346886210766916
0.8287669792835732
0.8580134759173536
0.05842550876304927
0.10689669157673762
0.7295275842428425
0.22520120643494754
0.26156995674219924
0.13852272095048537
0.10915879564729512
0.7123212753881872
0.2960204864884988
0.8152355711916334
0.7820888210218768
0.843980156866299
0.2422851786369733
0.6491068770861222
0.9068629173424299
0.43359046452013056
0.2794904338114176
0.5274429237359713
0.9377017384386717
0.3558413542870525
0.07697610366188117
0.8870434494397518
0.5762651747508089
0.36329236063460946
0.5722830775273433
0.19965541850234497
0.17163016420538596
0.8927977580432034
0.1086552660641439
0.9007352513416316
0.1660393715002936
0.6755328865348373
0.9465904416499703
0.7374820613486515
0.7822991466952613
0.15989920034416283
0.8745123031922509
0.18726835208671044
0.4984500842710926
0.9204246343948268
0.5119551600045987
0.5139922197221142
0.7781557722918617
0.9239803169280623
0.21539765430251498
0.5376965493889714
0.8392579931942482
0.7937980052290234
0.8608725130690772
0.8387130560277726
0.10385351400724332
0.18208566306699148
0.1107027913764884
0.7313398237716433
0.7577809108461849
0.17269703584259485
0.7379173198712898
0.36625389875448655
0.14599434373483086
0.4405721516329893
0.13853753396170435
0.5705902445100234
0.15373988722239706
0.6265310850460535
0.5672962060946981
0.17276554125080218
0.10444075970537703
0.47029841191747235
0.7358839537456201
0.7246936753451766
0.8864643111332504
0.7524059648979144
0.19692523437136533
0.9445655096489745
0.37004715838620383
0.4539350560227279
0.6158237707868691
0.7365353501451453
0.5903825894577432
0.14486923053641013
0.8755805935922474
0.803908894517618
0.8384653248911661
0.9393768833087641
0.15748527158893885
0.4967670433399708
0.6260214101474013
0.1447122839784669
0.16842882759294547
0.09141335284819561
0.8663203761100934
0.18940583191949883
0.17181868697335137
0.6245341019987352
0.12863204867593736
0.3399228470519573
0.9042913622756418
0.7170310960469194
0.7509056235319681
0.6404474970417279
0.7015184932553017
0.8394637751737377
0.18739632865646458
0.4514615393036099
0.19722919386410515
0.14756907177821005
0.6826620448041304
0.14198464947521572
0.4727759205091415
0.378415283322626
0.8922576282899609
0.6367113103154047
0.816212041648468
0.5786818292208731
0.9181547141984981
0.8750768878488017
0.7485320364229685
0.6833859504865836
0.31544447650167434
0.17532078154131972
0.7551686295983365
0.9495015286993738
0.9472298354950035
0.6104216146359013
0.463836204447689
0.8603240680710507
0.7222512942451309
0.5083002586219857
0.6352454367263504
0.49990435665886196
0.8510490327528312
0.8524368936594416
0.32188438921246104
0.794720779004924
0.8839363421633429
0.8621605222896197
0.9368928231699571
0.1845335035599092
0.7361250324359413
0.8186973426116214
0.8551616107076598
0.7168881832557866
0.7942731706057067
0.7028372162689737
0.8215206698725337
0.8116278023287791
0.6008998650156552
0.720011149476814
0.8061466750474289
0.9505095440878993
0.7887658088798306
0.8015842532624665
0.14440496741331277
0.7211630316769947
0.16627670493482244
0.17262296343739372
0.22120840114218177
0.6938614360455652
0.9166007172702837
0.24887391089590225
0.7596797479316473
0.16419393896750495
0.13524456041079158
0.7566789829459225
0.8565937847811904
0.12092346794563573
0.6175209972423322
0.9069759167300319
0.6545616322952064
0.3739641851552155
0.45228337874351854
0.7993656204508534
0.7945768015415169
0.7094251980129257
0.16041440076433147
0.5812591427376743
0.1363768693504996
0.257878592257784
0.7755318793447877
0.6209017671914111
0.4802062349972179
0.16795079074893582
0.6928368432187353
0.8674507564445002
0.09244441824836552
0.9137204749022408
0.5887291802566772
0.4878351303390789
0.5620033841407918
0.6778642713842915
0.8972877347910825
0.5436756101040163
0.8949837894108406
0.10155035168949146
0.7628118412152138
0.7365863480076454
0.894141702749367
0.7916507871614425
0.41298585914444674
0.2363641114015807
0.11979883229569584
0.18397019265365036
0.8064601387013152
0.8342316495742583
0.18326420876195312
0.7530407107652759
0.6894013382107957
0.6859745044813939
0.7766244018190445
0.41168634335195986
0.19386649163933167
0.6899261646661219
0.6751726229848406
0.9095958625735562
0.8833178789447252
0.22145258717984637
0.1327740291437041
0.9718171928582051
0.6333077458761744
0.6369957630537756
0.1616623282151742
0.6562684361996503
0.6837169270206653
0.8473540536303641
0.9058728432505522
0.644409755596657
0.6316398811935063
0.16363664942348094
0.12305849603788759
0.31715938934057386
0.16743506742142605
0.17623150440091503
0.8624935560788438
0.5823553971748039
0.7835924940508705
0.5991189894817412
0.21337102789487522
0.5569054672010049
0.8654011626703159
0.28316166074857174
0.9252852219479875
0.7509675647337964
0.1286696798842309
0.5457371990364925
0.759441328911174
0.5675934055723891
0.37364354024282304
0.8653832056352018
0.8590617644695834
0.8825568979365812
0.9218738731241036
0.1318206699383723
0.5810022130308273
0.1732268978477908
0.7588539805850711
0.7158156055727524
0.7769794383921436
0.1362375613773174
0.790005972890241
0.8759594546291678
0.6810107213343528
0.21235434592582036
0.8907311222418193
0.30714823950367054
0.26895801229533073
0.13296143860360968
0.9314336982422848
0.8669249457282285
0.8407533016468463
0.38235080254219345
0.6967731963058535
0.9015823658691562
0.09234673918259177
0.22890956086143951
0.5429660746742195
0.7742908235836394
0.8433519314298189
0.3073555207775206
0.7426102581453611
0.42448866939738794
0.36100826596168784
0.12557560489852196
0.823610283696364
0.17069286298197503
0.3142967749456883
0.3506085219125659
0.9298716878395937
0.4227960546039393
0.9140609472943264
0.14970668898688871
0.8295816708565513
0.843323984634558
0.701142251492598
0.910943187001158
0.12524370106323404
0.8381851530584965
0.937639154211896
0.21165286168527522
0.6779783520556941
0.4162385183372167
0.18254894359112744
0.1430516518747442
0.7062705657013587
0.7635910543066465
0.826983928456653
0.21231801773580167
0.8816034185140509
0.9382784164064094
0.14680910089447222
0.901794518323727
0.8835650884799156
0.8099584902014336
0.9064184304338596
0.7871705033587386
0.9241121626042326
0.8054207651217066
0.3402340155248661
0.9220066732880685
0.7750032041707557
0.13502377167530222
0.794127349221259
0.8553079394564372
0.4528758949051194
0.22046125465237792
0.9337350191193867
0.17059304591087865
0.8256646622634146
0.8843089254473777
0.9232498982796303
0.3833091410817124
0.8884577930240093
0.937898844677354
0.8778680144939051
0.17683199817360815
0.20002334851115974
0.144257488588035
0.08687036385640008
0.8190079216898095
0.9140523257642078
0.1800935132796324
0.794373444545043
0.8954304426350864
0.40929277594894214
0.6364563761641632
0.3133265364296323
0.6889055619307358
0.943180289513799
0.8764654535334611
0.1496274246222818