# Hydrophobicity matrix
# degree of burial x amino acid
# dob buckets: 32
A	-8.606782	-5.010047	-4.832497	-4.934147	-4.871001	-5.020157	-4.851932	-5.579773	-5.133501	-4.977415	-5.441481	-5.175899	-5.049191	-5.309016	-5.080987	-5.216602	-5.312630	-5.164887	-6.216689	-5.379738	-5.503064	-5.233840	-5.009571	-4.590484	-4.990233	-6.001461	-5.484271	-5.446681	-5.444439	-5.439945	-5.437692	-5.442194
B	NAN	NAN	NAN	NAN	NAN	NAN	NAN	NAN	NAN	NAN	NAN	NAN	NAN	NAN	NAN	NAN	NAN	NAN	NAN	NAN	NAN	NAN	NAN	NAN	NAN	NAN	NAN	NAN	NAN	NAN	NAN	NAN
C	-8.972881	-4.703007	-5.115884	-5.109010	-5.422293	-5.276971	-6.196004	-6.634831	-6.765060	-6.187394	-6.758167	-6.710951	-7.400643	-7.608000	-6.795009	-7.252551	-8.834006	-7.200836	-7.667677	-5.830725	-6.217085	-5.947862	-5.723593	-5.719543	-5.704255	-5.130520	-4.613330	-4.575740	-4.573498	-4.569004	-4.566751	-4.571253
D	-9.338093	-5.324995	-5.136085	-5.576669	-4.896086	-5.066154	-5.313289	-4.631974	-4.562105	-4.860729	-4.377425	-4.400912	-4.843023	-4.642296	-4.414267	-4.562482	-4.437668	-4.235132	-4.903606	-5.803620	-5.774943	-4.920757	-6.281451	-3.955473	-6.262113	-5.688377	-5.171188	-5.133598	-5.131356	-5.126862	-5.124609	-5.129111
E	-9.889578	-5.518289	-5.243964	-5.128155	-5.240032	-5.045277	-4.918930	-4.920425	-4.495891	-4.851499	-4.348136	-4.137720	-4.546512	-5.061991	-4.671691	-4.513898	-4.979875	-5.239790	-4.192057	-5.355105	-4.741466	-5.794170	-6.569902	-5.565852	-5.550564	-5.976828	-5.459638	-5.422049	-5.419807	-5.415312	-5.413060	-5.417561
F	-8.301035	-4.832257	-5.181004	-4.702061	-4.809340	-5.190088	-5.261124	-5.266991	-5.356248	-5.252514	-5.185857	-5.928074	-6.350285	-6.673120	-6.275166	-6.732709	-6.577198	-5.458601	-7.732796	-6.895844	-6.282205	-6.012981	-4.788713	-4.784663	-5.769375	-5.195639	-4.678449	-4.640860	-4.638618	-4.634124	-4.631871	-4.636372
G	-9.110924	-5.289152	-5.237633	-5.177319	-4.874159	-5.069351	-4.876464	-5.019342	-5.049098	-4.852570	-4.892828	-4.718899	-4.903799	-4.596582	-4.105520	-4.504168	-4.520026	-4.848382	-4.862710	-4.726198	-4.790630	-5.258372	-5.034104	-5.030054	-5.014766	-6.025993	-5.508803	-5.471213	-5.468971	-5.464477	-5.462224	-4.466726
H	-8.587992	-5.052028	-5.402499	-4.736661	-4.946055	-4.804850	-4.939849	-5.013543	-5.123014	-4.338897	-4.508438	-5.089663	-5.565952	-5.018421	-5.638389	-5.373466	-4.713913	-6.196220	-4.926095	-5.411071	-4.797431	-4.528208	-3.303939	-5.299889	-3.699639	-4.710866	-4.193676	-4.156086	-4.153844	-4.149350	-4.147098	-4.151599
I	-8.924191	-5.067333	-4.939414	-4.599116	-4.797979	-5.259646	-5.194621	-5.300024	-5.804319	-5.313561	-5.441282	-6.224141	-5.743908	-6.313835	-5.986271	-6.443813	-6.762234	-7.714026	-6.595904	-7.343915	-6.730275	-5.461052	-6.236783	-5.232733	-5.217445	-5.643710	-5.126520	-5.088930	-5.086688	-5.082194	-5.079941	-5.084443
J	NAN	NAN	NAN	NAN	NAN	NAN	NAN	NAN	NAN	NAN	NAN	NAN	NAN	NAN	NAN	NAN	NAN	NAN	NAN	NAN	NAN	NAN	NAN	NAN	NAN	NAN	NAN	NAN	NAN	NAN	NAN	NAN
K	-9.328850	-5.589829	-4.965561	-4.771601	-4.896535	-4.799960	-4.673280	-4.517056	-4.875554	-4.761288	-4.579154	-4.665325	-4.581526	-5.203920	-4.516460	-4.884998	-4.429927	-4.796757	-5.000563	-6.163611	-4.813006	-5.280748	-5.641442	-5.637392	-5.622104	-6.048368	-5.531178	-5.493589	-5.491347	-5.486852	-5.484600	-5.489101
L	-8.816275	-4.888413	-5.141569	-5.010959	-5.422367	-5.125042	-5.210199	-5.570775	-5.457853	-5.633094	-5.421814	-5.498031	-5.913730	-6.353260	-6.430086	-6.220204	-6.649656	-6.531059	-6.220292	-6.968303	-5.769700	-6.085439	-5.861171	-6.857121	-5.841833	-6.268097	-5.750908	-5.713318	-5.711076	-5.706582	-5.704329	-5.708831
M	-8.653108	-5.344554	-5.270527	-4.891684	-4.961741	-5.232306	-5.121344	-5.337778	-5.135432	-5.590781	-5.309111	-4.735826	-5.814084	-5.088555	-5.208450	-5.733106	-4.215025	-6.488746	-4.955586	-4.533672	-3.183067	-3.650809	-3.426540	-3.422491	-3.992165	-4.418429	-3.901240	-3.863650	-3.861408	-3.856914	-3.854661	-3.859163
N	-9.227213	-5.240587	-4.794592	-5.159686	-4.726530	-5.171407	-4.829750	-4.617140	-4.909475	-4.290417	-4.134755	-4.435462	-4.614960	-4.704480	-4.705933	-4.266569	-5.111059	-4.925348	-5.044265	-5.014668	-4.816066	-5.131805	-4.907536	-4.903486	-5.888198	-4.314463	-4.797273	-4.759683	-4.757441	-4.752947	-4.750694	-4.755196
O	NAN	NAN	NAN	NAN	NAN	NAN	NAN	NAN	NAN	NAN	NAN	NAN	NAN	NAN	NAN	NAN	NAN	NAN	NAN	NAN	NAN	NAN	NAN	NAN	NAN	NAN	NAN	NAN	NAN	NAN	NAN	NAN
P	-8.714731	-4.915589	-5.016258	-5.009383	-5.282416	-5.428698	-4.985160	-5.051035	-4.953312	-5.021639	-5.144359	-4.979057	-4.765773	-4.554178	-4.513776	-4.426998	-4.183540	-5.334641	-4.801481	-4.812526	-4.520815	-5.251591	-5.027323	-6.023273	-5.007985	-5.434249	-4.917059	-4.879470	-4.877228	-4.872734	-4.870481	-4.874982
Q	-9.089025	-5.280545	-5.124056	-5.246465	-5.120125	-4.929715	-4.829066	-5.282037	-4.533281	-4.749165	-4.438926	-4.285400	-4.709433	-4.933278	-5.241302	-4.435810	-5.316826	-6.384095	-5.850935	-5.013984	-5.400344	-4.546158	-4.906852	-5.902802	-5.887514	-4.313779	-4.796589	-4.758999	-4.756757	-4.752263	-4.750010	-4.754512
R	-8.870698	-4.995103	-5.227657	-5.058511	-5.258491	-4.432005	-5.126988	-4.921691	-5.199477	-5.152326	-4.500706	-5.090920	-4.920790	-5.350539	-4.975669	-5.343014	-5.798938	-5.165768	-6.632608	-7.380619	-4.766979	-3.912793	-5.273487	-5.269437	-6.254149	-5.680414	-5.163224	-5.125634	-5.123392	-5.118898	-5.116645	-5.121147
S	-9.075327	-4.916520	-4.760032	-4.968886	-5.043382	-5.368173	-4.754711	-4.816635	-4.864124	-4.840820	-4.905325	-4.985865	-5.145042	-4.660521	-4.625138	-4.790500	-4.564600	-4.253358	-4.942590	-4.690601	-4.755033	-4.807738	-4.583469	-4.579420	-3.979169	-5.990396	-5.473206	-5.435617	-5.433375	-5.428880	-5.426628	-5.431129
T	-8.837912	-5.354635	-5.093810	-5.155648	-4.683253	-4.867143	-4.698466	-4.548773	-5.175526	-4.752866	-4.311997	-4.552136	-5.043282	-4.772592	-5.245003	-5.117583	-5.284001	-4.950391	-5.532708	-4.958791	-4.345151	-6.397856	-4.173587	-5.169538	-6.154249	-5.580514	-5.063324	-5.025735	-5.023493	-5.018998	-5.016746	-5.021247
U	NAN	NAN	NAN	NAN	NAN	NAN	NAN	NAN	NAN	NAN	NAN	NAN	NAN	NAN	NAN	NAN	NAN	NAN	NAN	NAN	NAN	NAN	NAN	NAN	NAN	NAN	NAN	NAN	NAN	NAN	NAN	NAN
V	-8.776955	-4.897713	-4.952728	-5.386427	-4.424135	-5.223835	-5.164308	-5.212866	-5.191092	-5.474089	-4.888743	-5.500490	-6.057287	-6.153613	-5.510547	-6.267650	-6.379619	-6.331412	-7.383215	-6.546263	-5.932623	-6.663400	-6.439131	-6.435081	-4.834831	-5.846058	-5.328868	-5.291278	-5.289036	-5.284542	-5.282290	-5.286791
W	-8.523278	-5.062721	-4.813123	-4.718786	-4.721729	-4.868011	-5.424474	-4.892447	-5.218596	-7.045914	-5.349207	-6.775922	-5.921294	-6.351043	-5.538052	-6.995594	-5.577049	-5.358917	-4.410720	-5.573768	-3.375166	-3.690905	-4.466636	-3.462586	-4.447298	-3.873563	-3.356373	-3.318783	-3.316541	-3.312047	-3.309794	-3.314296
X	NAN	NAN	NAN	NAN	NAN	NAN	NAN	NAN	NAN	NAN	NAN	NAN	NAN	NAN	NAN	NAN	NAN	NAN	NAN	NAN	NAN	NAN	NAN	NAN	NAN	NAN	NAN	NAN	NAN	NAN	NAN	NAN
Y	-8.481103	-4.739809	-4.940873	-5.076017	-5.129586	-4.995760	-4.967261	-5.368120	-4.947796	-5.758626	-4.844688	-5.380109	-5.608470	-6.308867	-5.550324	-5.953419	-5.534874	-5.749701	-5.216541	-6.701517	-5.087877	-5.818654	-5.594385	-5.590336	-3.990085	-5.001312	-4.484122	-4.446532	-4.444291	-4.439796	-4.437544	-4.442045
Z	NAN	NAN	NAN	NAN	NAN	NAN	NAN	NAN	NAN	NAN	NAN	NAN	NAN	NAN	NAN	NAN	NAN	NAN	NAN	NAN	NAN	NAN	NAN	NAN	NAN	NAN	NAN	NAN	NAN	NAN	NAN	NAN
