# Hydrophobicity matrix
# degree of burial x amino acid
# dob buckets: 16
A	-9.228343	-5.937588	-6.037404	-6.603261	-6.001183	-6.124457	-6.510138	-6.281718	-6.515932	-6.858074	-6.374723	-5.592510	-7.316663	-6.465598	-6.442194	-6.439945
B	NAN	NAN	NAN	NAN	NAN	NAN	NAN	NAN	NAN	NAN	NAN	NAN	NAN	NAN	NAN	NAN
C	-8.921303	-6.112451	-6.294218	-7.658319	-7.211162	-7.659509	-8.809122	-8.317668	-8.551882	-7.309061	-7.088744	-6.721570	-6.445722	-5.594657	-5.571253	-5.569004
D	-9.543291	-6.580111	-6.083401	-5.655462	-5.884497	-5.349470	-5.843417	-5.627598	-5.586178	-7.281956	-6.061640	-4.957499	-7.003580	-6.152515	-6.129111	-6.126862
E	-9.736584	-6.131596	-6.062524	-5.943913	-5.875268	-5.086278	-6.263113	-5.579014	-6.590835	-6.833441	-6.935053	-6.567878	-7.292030	-6.440966	-6.417561	-6.415312
F	-9.050553	-5.705502	-6.207335	-6.290479	-6.276282	-6.876631	-7.874241	-7.797825	-6.809647	-8.374181	-7.153864	-5.786689	-6.510842	-5.659777	-5.636372	-5.634124
G	-9.507448	-6.180760	-6.086598	-6.042830	-5.876338	-5.667456	-5.797704	-5.569285	-6.199427	-6.204534	-6.399255	-6.032080	-7.341195	-6.490130	-6.466726	-5.464477
H	-9.270323	-5.740103	-5.822097	-6.037031	-5.362665	-6.038221	-6.219543	-6.438582	-7.547265	-6.889407	-5.669090	-6.301916	-6.026068	-5.175004	-5.151599	-5.149350
I	-9.285629	-5.602557	-6.276893	-6.323512	-6.337329	-7.172698	-7.514957	-7.508929	-9.065072	-8.822251	-6.601934	-6.234759	-6.958912	-6.107847	-6.084443	-6.082194
J	NAN	NAN	NAN	NAN	NAN	NAN	NAN	NAN	NAN	NAN	NAN	NAN	NAN	NAN	NAN	NAN
K	-9.808124	-5.775042	-5.817207	-5.540544	-5.785057	-5.613883	-6.405042	-5.950114	-6.147802	-7.641947	-6.421630	-6.639418	-7.363571	-6.512506	-6.489101	-6.486852
L	-9.106709	-6.014400	-6.142289	-6.594263	-6.656862	-6.446589	-7.554382	-7.285320	-7.882105	-8.446639	-7.226322	-7.859147	-7.583300	-6.732235	-6.708831	-6.706582
M	-9.562849	-5.895125	-6.249553	-6.361266	-6.614549	-5.684384	-6.289677	-6.798223	-7.839792	-6.012008	-4.791692	-4.424517	-5.733632	-4.882567	-4.859163	-4.856914
N	-9.458883	-6.163127	-6.188654	-5.640628	-5.314185	-5.384020	-5.905602	-5.331686	-6.276393	-6.493004	-6.272687	-5.905512	-5.629665	-5.778600	-5.755196	-5.752947
O	NAN	NAN	NAN	NAN	NAN	NAN	NAN	NAN	NAN	NAN	NAN	NAN	NAN	NAN	NAN	NAN
P	-9.133884	-6.012825	-6.445945	-6.074523	-6.045407	-5.927614	-5.755299	-5.492114	-6.685686	-6.290862	-6.392474	-7.025299	-6.749452	-5.898387	-5.874982	-5.872734
Q	-9.498841	-6.249906	-5.946962	-6.305525	-5.772933	-5.233958	-6.134400	-5.500927	-7.735141	-6.492320	-5.687041	-6.904828	-5.628981	-5.777916	-5.754512	-5.752263
R	-9.213399	-6.061952	-5.449252	-5.945179	-6.176094	-6.039478	-6.551661	-6.408130	-6.516813	-8.858955	-5.053676	-6.271463	-6.995616	-6.144551	-6.121147	-6.118898
S	-9.134816	-5.972327	-6.385420	-5.840123	-5.864588	-5.934422	-5.861643	-5.855616	-5.604403	-6.168937	-5.948621	-5.581446	-7.305598	-6.454534	-6.431129	-6.428880
T	-9.572931	-6.159090	-5.884390	-5.572261	-5.776634	-5.500694	-5.973714	-6.182700	-6.301436	-6.437127	-7.538739	-6.171564	-6.895716	-6.044652	-6.021247	-6.018998
U	NAN	NAN	NAN	NAN	NAN	NAN	NAN	NAN	NAN	NAN	NAN	NAN	NAN	NAN	NAN	NAN
V	-9.116009	-6.389868	-6.241082	-6.236354	-6.497857	-6.449047	-7.354735	-7.332766	-7.682457	-8.024599	-7.804283	-7.437108	-7.161260	-6.310196	-6.286791	-6.284542
W	-9.281017	-5.722227	-5.885258	-5.915935	-8.069683	-7.724480	-7.552165	-8.060711	-6.709962	-7.052104	-4.831787	-4.464613	-5.188765	-4.337700	-4.314296	-4.312047
X	NAN	NAN	NAN	NAN	NAN	NAN	NAN	NAN	NAN	NAN	NAN	NAN	NAN	NAN	NAN	NAN
Y	-8.958105	-6.079458	-6.013007	-6.391608	-6.782394	-6.328667	-7.509989	-7.018535	-7.100746	-8.179853	-6.959537	-6.592362	-6.316514	-5.465450	-5.442045	-5.439796
Z	NAN	NAN	NAN	NAN	NAN	NAN	NAN	NAN	NAN	NAN	NAN	NAN	NAN	NAN	NAN	NAN
